
elite_count=1
mutation_rate=0.5
selection_strategy=RouletteWheelSelection
dataset_path=/home/cloudera/decsb/in/02_ecoliCP_IM.arff
fitness_metric=BAccMetric
crossover_points=4
selection_param=0.2
num_folds=4
population_count=10
number_of_generations=50
beta=0.5
cost_classifier=weka.classifiers.meta.CostSensitiveClassifier
use_reweight=false
base_classifier=weka.classifiers.lazy.IBk

	Fitness	SDev	Mean	TrueP	FalseP	TrueN	FMeas	Precision
0	0.974	0.009	0.963	0.948	0	1	0.973	1
1	0.974	0.011	0.964	0.948	0	1	0.973	1
2	0.98	0.012	0.962	0.974	0.014	0.986	0.974	0.974
3	0.98	0.01	0.961	0.974	0.014	0.986	0.974	0.974
4	0.98	0.012	0.96	0.974	0.014	0.986	0.974	0.974
5	0.98	0.011	0.96	0.974	0.014	0.986	0.974	0.974
6	0.98	0.01	0.962	0.974	0.014	0.986	0.974	0.974
7	0.98	0.012	0.965	0.974	0.014	0.986	0.974	0.974
8	0.98	0.011	0.966	0.974	0.014	0.986	0.974	0.974
9	0.981	0.011	0.97	0.961	0	1	0.98	1
10	0.981	0.011	0.969	0.961	0	1	0.98	1
11	0.981	0.012	0.969	0.961	0	1	0.98	1
12	0.981	0.01	0.967	0.961	0	1	0.98	1
13	0.981	0.006	0.975	0.961	0	1	0.98	1
14	0.981	0.006	0.974	0.961	0	1	0.98	1
15	0.981	0.007	0.975	0.961	0	1	0.98	1
16	0.981	0.008	0.974	0.961	0	1	0.98	1
17	0.981	0.006	0.972	0.961	0	1	0.98	1
18	0.981	0.006	0.973	0.961	0	1	0.98	1
19	0.981	0.005	0.973	0.961	0	1	0.98	1
20	0.981	0.006	0.975	0.961	0	1	0.98	1
21	0.981	0.008	0.974	0.961	0	1	0.98	1
22	0.981	0.006	0.976	0.961	0	1	0.98	1
23	0.981	0.004	0.978	0.961	0	1	0.98	1
24	0.981	0.004	0.976	0.961	0	1	0.98	1
25	0.981	0.004	0.974	0.961	0	1	0.98	1
26	0.981	0.006	0.974	0.961	0	1	0.98	1
27	0.981	0.005	0.976	0.961	0	1	0.98	1
28	0.981	0.003	0.975	0.961	0	1	0.98	1
29	0.981	0.003	0.977	0.961	0	1	0.98	1
30	0.981	0.004	0.975	0.961	0	1	0.98	1
31	0.981	0.003	0.977	0.961	0	1	0.98	1
32	0.981	0.004	0.976	0.961	0	1	0.98	1
33	0.981	0.003	0.976	0.961	0	1	0.98	1
34	0.981	0.003	0.977	0.961	0	1	0.98	1
35	0.981	0.002	0.975	0.961	0	1	0.98	1
36	0.981	0.003	0.977	0.961	0	1	0.98	1
37	0.981	0.003	0.979	0.961	0	1	0.98	1
38	0.981	0.004	0.977	0.961	0	1	0.98	1
39	0.981	0.003	0.976	0.961	0	1	0.98	1
40	0.981	0.004	0.976	0.961	0	1	0.98	1
41	0.981	0.004	0.975	0.961	0	1	0.98	1
42	0.981	0.004	0.975	0.961	0	1	0.98	1
43	0.981	0.003	0.977	0.961	0	1	0.98	1
44	0.981	0.004	0.975	0.961	0	1	0.98	1
45	0.981	0.003	0.978	0.961	0	1	0.98	1
46	0.981	0.003	0.976	0.961	0	1	0.98	1
47	0.981	0.003	0.977	0.961	0	1	0.98	1
48	0.981	0.004	0.975	0.961	0	1	0.98	1
49	0.981	0.004	0.975	0.961	0	1	0.98	1
best individual: #c1: 21.28	#c2:63.49	#p1:96.67	#p2:14.09
evaluation: 
Correctly Classified Instances         217               98.6364 %
Incorrectly Classified Instances         3                1.3636 %
Kappa statistic                          0.9698
Total Cost                             190.4619
Average Cost                             0.8657
Mean absolute error                      0.0421
Root mean squared error                  0.1431
Relative absolute error                  9.2458 %
Root relative squared error             30.0075 %
Total Number of Instances              220     

=== Detailed Accuracy By Class ===

               TP Rate   FP Rate   Precision   Recall  F-Measure   ROC Area  Class
                 1         0.039      0.979     1         0.99       0.989    cp
                 0.961     0          1         0.961     0.98       0.989    im
Weighted Avg.    0.986     0.025      0.987     0.986     0.986      0.989


elite_count=1
mutation_rate=0.5
selection_strategy=RouletteWheelSelection
dataset_path=/home/cloudera/decsb/in/02_ecoliCP_IM.arff
fitness_metric=GMMetric
crossover_points=4
selection_param=0.2
num_folds=4
population_count=10
number_of_generations=50
beta=0.5
cost_classifier=weka.classifiers.meta.CostSensitiveClassifier
use_reweight=false
base_classifier=weka.classifiers.lazy.IBk

	Fitness	SDev	Mean	TrueP	FalseP	TrueN	FMeas	Precision
0	0.983	0.015	0.965	0.974	0.007	0.993	0.98	0.987
1	0.983	0.016	0.962	0.974	0.007	0.993	0.98	0.987
2	0.983	0.01	0.964	0.974	0.007	0.993	0.98	0.987
3	0.983	0.014	0.967	0.974	0.007	0.993	0.98	0.987
4	0.983	0.015	0.958	0.974	0.007	0.993	0.98	0.987
5	0.983	0.017	0.966	0.974	0.007	0.993	0.98	0.987
6	0.983	0.014	0.963	0.974	0.007	0.993	0.98	0.987
7	0.983	0.009	0.97	0.974	0.007	0.993	0.98	0.987
8	0.983	0.011	0.967	0.974	0.007	0.993	0.98	0.987
9	0.983	0.011	0.963	0.974	0.007	0.993	0.98	0.987
10	0.983	0.011	0.963	0.974	0.007	0.993	0.98	0.987
11	0.983	0.013	0.962	0.974	0.007	0.993	0.98	0.987
12	0.983	0.01	0.966	0.974	0.007	0.993	0.98	0.987
13	0.983	0.016	0.966	0.974	0.007	0.993	0.98	0.987
14	0.983	0.008	0.973	0.974	0.007	0.993	0.98	0.987
15	0.983	0.011	0.969	0.974	0.007	0.993	0.98	0.987
16	0.983	0.011	0.971	0.974	0.007	0.993	0.98	0.987
17	0.983	0.013	0.975	0.974	0.007	0.993	0.98	0.987
18	0.983	0.014	0.969	0.974	0.007	0.993	0.98	0.987
19	0.983	0.016	0.97	0.974	0.007	0.993	0.98	0.987
20	0.983	0.011	0.973	0.974	0.007	0.993	0.98	0.987
21	0.983	0.015	0.974	0.974	0.007	0.993	0.98	0.987
22	0.983	0.009	0.978	0.974	0.007	0.993	0.98	0.987
23	0.983	0.005	0.979	0.974	0.007	0.993	0.98	0.987
24	0.983	0.007	0.977	0.974	0.007	0.993	0.98	0.987
25	0.983	0.004	0.978	0.974	0.007	0.993	0.98	0.987
26	0.983	0.004	0.98	0.974	0.007	0.993	0.98	0.987
27	0.983	0.004	0.98	0.974	0.007	0.993	0.98	0.987
28	0.983	0.002	0.982	0.974	0.007	0.993	0.98	0.987
29	0.983	0.007	0.979	0.974	0.007	0.993	0.98	0.987
30	0.983	0.009	0.974	0.974	0.007	0.993	0.98	0.987
31	0.983	0.007	0.978	0.974	0.007	0.993	0.98	0.987
32	0.983	0.005	0.979	0.974	0.007	0.993	0.98	0.987
33	0.983	0.004	0.981	0.974	0.007	0.993	0.98	0.987
34	0.983	0.006	0.974	0.974	0.007	0.993	0.98	0.987
35	0.983	0.004	0.979	0.974	0.007	0.993	0.98	0.987
36	0.983	0.004	0.977	0.974	0.007	0.993	0.98	0.987
37	0.983	0.007	0.98	0.974	0.007	0.993	0.98	0.987
38	0.983	0.002	0.982	0.974	0.007	0.993	0.98	0.987
39	0.983	0.004	0.98	0.974	0.007	0.993	0.98	0.987
40	0.983	0.004	0.98	0.974	0.007	0.993	0.98	0.987
41	0.983	0.007	0.98	0.974	0.007	0.993	0.98	0.987
42	0.983	0.005	0.979	0.974	0.007	0.993	0.98	0.987
43	0.983	0.009	0.974	0.974	0.007	0.993	0.98	0.987
44	0.983	0.004	0.979	0.974	0.007	0.993	0.98	0.987
45	0.983	0.003	0.981	0.974	0.007	0.993	0.98	0.987
46	0.983	0.003	0.981	0.974	0.007	0.993	0.98	0.987
47	0.983	0.003	0.98	0.974	0.007	0.993	0.98	0.987
48	0.983	0.007	0.978	0.974	0.007	0.993	0.98	0.987
49	0.983	0.005	0.979	0.974	0.007	0.993	0.98	0.987
best individual: #c1: 43.39	#c2:121.17	#p1:60.98	#p2:56.6
evaluation: 
Correctly Classified Instances         217               98.6364 %
Incorrectly Classified Instances         3                1.3636 %
Kappa statistic                          0.9699
Total Cost                             285.7365
Average Cost                             1.2988
Mean absolute error                      0.0383
Root mean squared error                  0.1404
Relative absolute error                  8.4127 %
Root relative squared error             29.4327 %
Total Number of Instances              220     

=== Detailed Accuracy By Class ===

               TP Rate   FP Rate   Precision   Recall  F-Measure   ROC Area  Class
                 0.993     0.026      0.986     0.993     0.99       0.989    cp
                 0.974     0.007      0.987     0.974     0.98       0.989    im
Weighted Avg.    0.986     0.019      0.986     0.986     0.986      0.989


elite_count=1
mutation_rate=0.5
selection_strategy=RouletteWheelSelection
dataset_path=/home/cloudera/decsb/in/02_ecoliCP_IM.arff
fitness_metric=LinTPTNMetric
crossover_points=4
selection_param=0.2
num_folds=4
population_count=10
number_of_generations=50
beta=0.5
cost_classifier=weka.classifiers.meta.CostSensitiveClassifier
use_reweight=false
base_classifier=weka.classifiers.lazy.IBk

	Fitness	SDev	Mean	TrueP	FalseP	TrueN	FMeas	Precision
0	0.977	0.023	0.958	0.974	0.021	0.979	0.968	0.962
1	0.977	0.012	0.962	0.974	0.021	0.979	0.968	0.962
2	0.977	0.015	0.959	0.974	0.021	0.979	0.968	0.962
3	0.977	0.009	0.964	0.974	0.021	0.979	0.968	0.962
4	0.981	0.012	0.965	0.961	0	1	0.98	1
5	0.981	0.005	0.974	0.961	0	1	0.98	1
6	0.981	0.013	0.964	0.961	0	1	0.98	1
7	0.981	0.014	0.96	0.961	0	1	0.98	1
8	0.981	0.013	0.961	0.961	0	1	0.98	1
9	0.981	0.018	0.963	0.961	0	1	0.98	1
10	0.981	0.019	0.96	0.961	0	1	0.98	1
11	0.981	0.02	0.962	0.961	0	1	0.98	1
12	0.981	0.017	0.964	0.961	0	1	0.98	1
13	0.981	0.009	0.971	0.961	0	1	0.98	1
14	0.981	0.011	0.969	0.961	0	1	0.98	1
15	0.984	0.006	0.976	0.974	0.007	0.993	0.98	0.987
16	0.984	0.006	0.975	0.974	0.007	0.993	0.98	0.987
17	0.984	0.008	0.973	0.974	0.007	0.993	0.98	0.987
18	0.984	0.007	0.976	0.974	0.007	0.993	0.98	0.987
19	0.984	0.008	0.97	0.974	0.007	0.993	0.98	0.987
20	0.984	0.005	0.974	0.974	0.007	0.993	0.98	0.987
21	0.984	0.006	0.975	0.974	0.007	0.993	0.98	0.987
22	0.984	0.005	0.974	0.974	0.007	0.993	0.98	0.987
23	0.984	0.004	0.979	0.974	0.007	0.993	0.98	0.987
24	0.984	0.004	0.978	0.974	0.007	0.993	0.98	0.987
25	0.984	0.007	0.973	0.974	0.007	0.993	0.98	0.987
26	0.984	0.003	0.976	0.974	0.007	0.993	0.98	0.987
27	0.984	0.004	0.976	0.974	0.007	0.993	0.98	0.987
28	0.984	0.007	0.974	0.974	0.007	0.993	0.98	0.987
29	0.984	0.006	0.975	0.974	0.007	0.993	0.98	0.987
30	0.984	0.006	0.975	0.974	0.007	0.993	0.98	0.987
31	0.984	0.007	0.976	0.974	0.007	0.993	0.98	0.987
32	0.984	0.009	0.971	0.974	0.007	0.993	0.98	0.987
33	0.984	0.01	0.97	0.974	0.007	0.993	0.98	0.987
34	0.984	0.006	0.975	0.974	0.007	0.993	0.98	0.987
35	0.984	0.008	0.973	0.974	0.007	0.993	0.98	0.987
36	0.984	0.008	0.973	0.974	0.007	0.993	0.98	0.987
37	0.984	0.007	0.974	0.974	0.007	0.993	0.98	0.987
38	0.984	0.004	0.977	0.974	0.007	0.993	0.98	0.987
39	0.984	0.006	0.975	0.974	0.007	0.993	0.98	0.987
40	0.984	0.008	0.97	0.974	0.007	0.993	0.98	0.987
41	0.984	0.006	0.975	0.974	0.007	0.993	0.98	0.987
42	0.984	0.006	0.975	0.974	0.007	0.993	0.98	0.987
43	0.984	0.008	0.973	0.974	0.007	0.993	0.98	0.987
44	0.984	0.008	0.972	0.974	0.007	0.993	0.98	0.987
45	0.984	0.007	0.974	0.974	0.007	0.993	0.98	0.987
46	0.984	0.009	0.972	0.974	0.007	0.993	0.98	0.987
47	0.984	0.01	0.972	0.974	0.007	0.993	0.98	0.987
48	0.984	0.007	0.973	0.974	0.007	0.993	0.98	0.987
49	0.984	0.006	0.976	0.974	0.007	0.993	0.98	0.987
best individual: #c1: 66.92	#c2:118.35	#p1:55.74	#p2:20
evaluation: 
Correctly Classified Instances         217               98.6364 %
Incorrectly Classified Instances         3                1.3636 %
Kappa statistic                          0.9699
Total Cost                             303.6243
Average Cost                             1.3801
Mean absolute error                      0.0366
Root mean squared error                  0.1327
Relative absolute error                  8.0312 %
Root relative squared error             27.8246 %
Total Number of Instances              220     

=== Detailed Accuracy By Class ===

               TP Rate   FP Rate   Precision   Recall  F-Measure   ROC Area  Class
                 0.993     0.026      0.986     0.993     0.99       0.989    cp
                 0.974     0.007      0.987     0.974     0.98       0.989    im
Weighted Avg.    0.986     0.019      0.986     0.986     0.986      0.989


elite_count=1
mutation_rate=0.5
selection_strategy=RouletteWheelSelection
dataset_path=/home/cloudera/decsb/in/02_ecoliCP_IM.arff
fitness_metric=BAccMetric
crossover_points=4
selection_param=0.2
num_folds=4
population_count=10
number_of_generations=50
beta=0.5
cost_classifier=weka.classifiers.meta.CostSensitiveClassifier
use_reweight=false
base_classifier=weka.classifiers.trees.J48

	Fitness	SDev	Mean	TrueP	FalseP	TrueN	FMeas	Precision
0	0.98	0.144	0.932	0.974	0.014	0.986	0.974	0.974
1	0.98	0.144	0.932	0.974	0.014	0.986	0.974	0.974
2	0.98	0	0.98	0.974	0.014	0.986	0.974	0.974
3	0.98	0	0.98	0.974	0.014	0.986	0.974	0.974
4	0.98	0	0.98	0.974	0.014	0.986	0.974	0.974
5	0.98	0	0.98	0.974	0.014	0.986	0.974	0.974
6	0.98	0	0.98	0.974	0.014	0.986	0.974	0.974
7	0.98	0	0.98	0.974	0.014	0.986	0.974	0.974
8	0.98	0	0.98	0.974	0.014	0.986	0.974	0.974
9	0.98	0	0.98	0.974	0.014	0.986	0.974	0.974
10	0.98	0	0.98	0.974	0.014	0.986	0.974	0.974
11	0.98	0	0.98	0.974	0.014	0.986	0.974	0.974
12	0.98	0	0.98	0.974	0.014	0.986	0.974	0.974
13	0.98	0	0.98	0.974	0.014	0.986	0.974	0.974
14	0.98	0	0.98	0.974	0.014	0.986	0.974	0.974
15	0.98	0	0.98	0.974	0.014	0.986	0.974	0.974
16	0.98	0	0.98	0.974	0.014	0.986	0.974	0.974
17	0.98	0	0.98	0.974	0.014	0.986	0.974	0.974
18	0.98	0	0.98	0.974	0.014	0.986	0.974	0.974
19	0.98	0	0.98	0.974	0.014	0.986	0.974	0.974
20	0.98	0	0.98	0.974	0.014	0.986	0.974	0.974
21	0.98	0	0.98	0.974	0.014	0.986	0.974	0.974
22	0.98	0	0.98	0.974	0.014	0.986	0.974	0.974
23	0.98	0	0.98	0.974	0.014	0.986	0.974	0.974
24	0.98	0	0.98	0.974	0.014	0.986	0.974	0.974
25	0.98	0	0.98	0.974	0.014	0.986	0.974	0.974
26	0.98	0	0.98	0.974	0.014	0.986	0.974	0.974
27	0.98	0	0.98	0.974	0.014	0.986	0.974	0.974
28	0.98	0	0.98	0.974	0.014	0.986	0.974	0.974
29	0.98	0	0.98	0.974	0.014	0.986	0.974	0.974
30	0.98	0	0.98	0.974	0.014	0.986	0.974	0.974
31	0.98	0	0.98	0.974	0.014	0.986	0.974	0.974
32	0.98	0	0.98	0.974	0.014	0.986	0.974	0.974
33	0.98	0	0.98	0.974	0.014	0.986	0.974	0.974
34	0.98	0	0.98	0.974	0.014	0.986	0.974	0.974
35	0.98	0	0.98	0.974	0.014	0.986	0.974	0.974
36	0.98	0	0.98	0.974	0.014	0.986	0.974	0.974
37	0.98	0	0.98	0.974	0.014	0.986	0.974	0.974
38	0.98	0	0.98	0.974	0.014	0.986	0.974	0.974
39	0.98	0	0.98	0.974	0.014	0.986	0.974	0.974
40	0.98	0	0.98	0.974	0.014	0.986	0.974	0.974
41	0.98	0	0.98	0.974	0.014	0.986	0.974	0.974
42	0.98	0	0.98	0.974	0.014	0.986	0.974	0.974
43	0.98	0	0.98	0.974	0.014	0.986	0.974	0.974
44	0.98	0	0.98	0.974	0.014	0.986	0.974	0.974
45	0.98	0	0.98	0.974	0.014	0.986	0.974	0.974
46	0.98	0	0.98	0.974	0.014	0.986	0.974	0.974
47	0.98	0	0.98	0.974	0.014	0.986	0.974	0.974
48	0.98	0	0.98	0.974	0.014	0.986	0.974	0.974
49	0.98	0	0.98	0.974	0.014	0.986	0.974	0.974
best individual: #c1: 123.43	#c2:106.13	#p1:87.19	#p2:115.97
evaluation: 
Correctly Classified Instances         216               98.1818 %
Incorrectly Classified Instances         4                1.8182 %
Kappa statistic                          0.96  
Total Cost                             459.1303
Average Cost                             2.087 
Mean absolute error                      0.0257
Root mean squared error                  0.1347
Relative absolute error                  5.6473 %
Root relative squared error             28.2327 %
Total Number of Instances              220     

=== Detailed Accuracy By Class ===

               TP Rate   FP Rate   Precision   Recall  F-Measure   ROC Area  Class
                 0.986     0.026      0.986     0.986     0.986      0.974    cp
                 0.974     0.014      0.974     0.974     0.974      0.974    im
Weighted Avg.    0.982     0.022      0.982     0.982     0.982      0.974


elite_count=1
mutation_rate=0.5
selection_strategy=RouletteWheelSelection
dataset_path=/home/cloudera/decsb/in/02_ecoliCP_IM.arff
fitness_metric=GMMetric
crossover_points=4
selection_param=0.2
num_folds=4
population_count=10
number_of_generations=50
beta=0.5
cost_classifier=weka.classifiers.meta.CostSensitiveClassifier
use_reweight=false
base_classifier=weka.classifiers.trees.J48

	Fitness	SDev	Mean	TrueP	FalseP	TrueN	FMeas	Precision
0	0.98	0.001	0.979	0.974	0.014	0.986	0.974	0.974
1	0.98	0.005	0.978	0.974	0.014	0.986	0.974	0.974
2	0.98	0.013	0.973	0.974	0.014	0.986	0.974	0.974
3	0.98	0.012	0.976	0.974	0.014	0.986	0.974	0.974
4	0.98	0.018	0.971	0.974	0.014	0.986	0.974	0.974
5	0.98	0.013	0.974	0.974	0.014	0.986	0.974	0.974
6	0.98	0	0.98	0.974	0.014	0.986	0.974	0.974
7	0.98	0.001	0.98	0.974	0.014	0.986	0.974	0.974
8	0.98	0	0.98	0.974	0.014	0.986	0.974	0.974
9	0.98	0	0.98	0.974	0.014	0.986	0.974	0.974
10	0.98	0	0.98	0.974	0.014	0.986	0.974	0.974
11	0.98	0	0.98	0.974	0.014	0.986	0.974	0.974
12	0.98	0	0.98	0.974	0.014	0.986	0.974	0.974
13	0.98	0	0.98	0.974	0.014	0.986	0.974	0.974
14	0.98	0	0.98	0.974	0.014	0.986	0.974	0.974
15	0.98	0	0.98	0.974	0.014	0.986	0.974	0.974
16	0.98	0	0.98	0.974	0.014	0.986	0.974	0.974
17	0.98	0	0.98	0.974	0.014	0.986	0.974	0.974
18	0.98	0	0.98	0.974	0.014	0.986	0.974	0.974
19	0.98	0	0.98	0.974	0.014	0.986	0.974	0.974
20	0.98	0	0.98	0.974	0.014	0.986	0.974	0.974
21	0.98	0	0.98	0.974	0.014	0.986	0.974	0.974
22	0.98	0	0.98	0.974	0.014	0.986	0.974	0.974
23	0.98	0	0.98	0.974	0.014	0.986	0.974	0.974
24	0.98	0	0.98	0.974	0.014	0.986	0.974	0.974
25	0.98	0	0.98	0.974	0.014	0.986	0.974	0.974
26	0.98	0	0.98	0.974	0.014	0.986	0.974	0.974
27	0.98	0	0.98	0.974	0.014	0.986	0.974	0.974
28	0.98	0	0.98	0.974	0.014	0.986	0.974	0.974
29	0.98	0	0.98	0.974	0.014	0.986	0.974	0.974
30	0.98	0	0.98	0.974	0.014	0.986	0.974	0.974
31	0.98	0	0.98	0.974	0.014	0.986	0.974	0.974
32	0.98	0	0.98	0.974	0.014	0.986	0.974	0.974
33	0.98	0	0.98	0.974	0.014	0.986	0.974	0.974
34	0.98	0	0.98	0.974	0.014	0.986	0.974	0.974
35	0.98	0	0.98	0.974	0.014	0.986	0.974	0.974
36	0.98	0	0.98	0.974	0.014	0.986	0.974	0.974
37	0.98	0	0.98	0.974	0.014	0.986	0.974	0.974
38	0.98	0	0.98	0.974	0.014	0.986	0.974	0.974
39	0.98	0	0.98	0.974	0.014	0.986	0.974	0.974
40	0.98	0	0.98	0.974	0.014	0.986	0.974	0.974
41	0.98	0	0.98	0.974	0.014	0.986	0.974	0.974
42	0.98	0	0.98	0.974	0.014	0.986	0.974	0.974
43	0.98	0	0.98	0.974	0.014	0.986	0.974	0.974
44	0.98	0	0.98	0.974	0.014	0.986	0.974	0.974
45	0.98	0	0.98	0.974	0.014	0.986	0.974	0.974
46	0.98	0	0.98	0.974	0.014	0.986	0.974	0.974
47	0.98	0	0.98	0.974	0.014	0.986	0.974	0.974
48	0.98	0	0.98	0.974	0.014	0.986	0.974	0.974
49	0.98	0	0.98	0.974	0.014	0.986	0.974	0.974
best individual: #c1: 94.26	#c2:84.58	#p1:65.69	#p2:43.8
evaluation: 
Correctly Classified Instances         216               98.1818 %
Incorrectly Classified Instances         4                1.8182 %
Kappa statistic                          0.96  
Total Cost                             357.6843
Average Cost                             1.6258
Mean absolute error                      0.0261
Root mean squared error                  0.1347
Relative absolute error                  5.7184 %
Root relative squared error             28.2347 %
Total Number of Instances              220     

=== Detailed Accuracy By Class ===

               TP Rate   FP Rate   Precision   Recall  F-Measure   ROC Area  Class
                 0.986     0.026      0.986     0.986     0.986      0.974    cp
                 0.974     0.014      0.974     0.974     0.974      0.974    im
Weighted Avg.    0.982     0.022      0.982     0.982     0.982      0.974


elite_count=1
mutation_rate=0.5
selection_strategy=RouletteWheelSelection
dataset_path=/home/cloudera/decsb/in/02_ecoliCP_IM.arff
fitness_metric=LinTPTNMetric
crossover_points=4
selection_param=0.2
num_folds=4
population_count=10
number_of_generations=50
beta=0.5
cost_classifier=weka.classifiers.meta.CostSensitiveClassifier
use_reweight=false
base_classifier=weka.classifiers.trees.J48

	Fitness	SDev	Mean	TrueP	FalseP	TrueN	FMeas	Precision
0	0.98	0.001	0.98	0.974	0.014	0.986	0.974	0.974
1	0.98	0	0.98	0.974	0.014	0.986	0.974	0.974
2	0.98	0	0.98	0.974	0.014	0.986	0.974	0.974
3	0.98	0	0.98	0.974	0.014	0.986	0.974	0.974
4	0.98	0	0.98	0.974	0.014	0.986	0.974	0.974
5	0.98	0	0.98	0.974	0.014	0.986	0.974	0.974
6	0.98	0	0.98	0.974	0.014	0.986	0.974	0.974
7	0.98	0	0.98	0.974	0.014	0.986	0.974	0.974
8	0.98	0	0.98	0.974	0.014	0.986	0.974	0.974
9	0.98	0	0.98	0.974	0.014	0.986	0.974	0.974
10	0.98	0	0.98	0.974	0.014	0.986	0.974	0.974
11	0.98	0	0.98	0.974	0.014	0.986	0.974	0.974
12	0.98	0	0.98	0.974	0.014	0.986	0.974	0.974
13	0.98	0	0.98	0.974	0.014	0.986	0.974	0.974
14	0.98	0	0.98	0.974	0.014	0.986	0.974	0.974
15	0.98	0	0.98	0.974	0.014	0.986	0.974	0.974
16	0.98	0	0.98	0.974	0.014	0.986	0.974	0.974
17	0.98	0	0.98	0.974	0.014	0.986	0.974	0.974
18	0.98	0	0.98	0.974	0.014	0.986	0.974	0.974
19	0.98	0	0.98	0.974	0.014	0.986	0.974	0.974
20	0.98	0	0.98	0.974	0.014	0.986	0.974	0.974
21	0.98	0	0.98	0.974	0.014	0.986	0.974	0.974
22	0.98	0	0.98	0.974	0.014	0.986	0.974	0.974
23	0.98	0	0.98	0.974	0.014	0.986	0.974	0.974
24	0.98	0	0.98	0.974	0.014	0.986	0.974	0.974
25	0.98	0	0.98	0.974	0.014	0.986	0.974	0.974
26	0.98	0	0.98	0.974	0.014	0.986	0.974	0.974
27	0.98	0	0.98	0.974	0.014	0.986	0.974	0.974
28	0.98	0	0.98	0.974	0.014	0.986	0.974	0.974
29	0.98	0	0.98	0.974	0.014	0.986	0.974	0.974
30	0.98	0	0.98	0.974	0.014	0.986	0.974	0.974
31	0.98	0	0.98	0.974	0.014	0.986	0.974	0.974
32	0.98	0	0.98	0.974	0.014	0.986	0.974	0.974
33	0.98	0	0.98	0.974	0.014	0.986	0.974	0.974
34	0.98	0	0.98	0.974	0.014	0.986	0.974	0.974
35	0.98	0	0.98	0.974	0.014	0.986	0.974	0.974
36	0.98	0	0.98	0.974	0.014	0.986	0.974	0.974
37	0.98	0	0.98	0.974	0.014	0.986	0.974	0.974
38	0.98	0	0.98	0.974	0.014	0.986	0.974	0.974
39	0.98	0	0.98	0.974	0.014	0.986	0.974	0.974
40	0.98	0	0.98	0.974	0.014	0.986	0.974	0.974
41	0.98	0	0.98	0.974	0.014	0.986	0.974	0.974
42	0.98	0	0.98	0.974	0.014	0.986	0.974	0.974
43	0.98	0	0.98	0.974	0.014	0.986	0.974	0.974
44	0.98	0	0.98	0.974	0.014	0.986	0.974	0.974
45	0.98	0	0.98	0.974	0.014	0.986	0.974	0.974
46	0.98	0	0.98	0.974	0.014	0.986	0.974	0.974
47	0.98	0	0.98	0.974	0.014	0.986	0.974	0.974
48	0.98	0	0.98	0.974	0.014	0.986	0.974	0.974
49	0.98	0	0.98	0.974	0.014	0.986	0.974	0.974
best individual: #c1: 123.92	#c2:61.4	#p1:85.49	#p2:14.79
evaluation: 
Correctly Classified Instances         216               98.1818 %
Incorrectly Classified Instances         4                1.8182 %
Kappa statistic                          0.96  
Total Cost                             370.6517
Average Cost                             1.6848
Mean absolute error                      0.0226
Root mean squared error                  0.1347
Relative absolute error                  4.9508 %
Root relative squared error             28.2282 %
Total Number of Instances              220     

=== Detailed Accuracy By Class ===

               TP Rate   FP Rate   Precision   Recall  F-Measure   ROC Area  Class
                 0.986     0.026      0.986     0.986     0.986      0.974    cp
                 0.974     0.014      0.974     0.974     0.974      0.974    im
Weighted Avg.    0.982     0.022      0.982     0.982     0.982      0.974


elite_count=1
mutation_rate=0.5
selection_strategy=RouletteWheelSelection
dataset_path=/home/cloudera/decsb/in/02_ecoliCP_IM.arff
fitness_metric=BAccMetric
crossover_points=4
selection_param=0.2
num_folds=4
population_count=10
number_of_generations=50
beta=0.5
cost_classifier=weka.classifiers.meta.CostSensitiveClassifier
use_reweight=false
base_classifier=weka.classifiers.bayes.NaiveBayes

	Fitness	SDev	Mean	TrueP	FalseP	TrueN	FMeas	Precision
0	0.981	0.009	0.972	0.961	0	1	0.98	1
1	0.981	0.008	0.974	0.961	0	1	0.98	1
2	0.981	0.003	0.978	0.961	0	1	0.98	1
3	0.981	0.003	0.978	0.961	0	1	0.98	1
4	0.981	0.003	0.977	0.961	0	1	0.98	1
5	0.981	0.003	0.977	0.961	0	1	0.98	1
6	0.981	0.003	0.978	0.961	0	1	0.98	1
7	0.981	0.003	0.978	0.961	0	1	0.98	1
8	0.981	0.002	0.979	0.961	0	1	0.98	1
9	0.981	0.003	0.979	0.961	0	1	0.98	1
10	0.981	0.003	0.976	0.961	0	1	0.98	1
11	0.981	0.003	0.979	0.961	0	1	0.98	1
12	0.981	0.002	0.979	0.961	0	1	0.98	1
13	0.981	0.003	0.978	0.961	0	1	0.98	1
14	0.981	0.002	0.98	0.961	0	1	0.98	1
15	0.981	0.003	0.979	0.961	0	1	0.98	1
16	0.981	0.003	0.978	0.961	0	1	0.98	1
17	0.981	0.003	0.976	0.961	0	1	0.98	1
18	0.981	0.002	0.979	0.961	0	1	0.98	1
19	0.981	0.003	0.978	0.961	0	1	0.98	1
20	0.981	0.003	0.977	0.961	0	1	0.98	1
21	0.981	0.002	0.979	0.961	0	1	0.98	1
22	0.981	0.001	0.98	0.961	0	1	0.98	1
23	0.981	0.001	0.98	0.961	0	1	0.98	1
24	0.981	0.003	0.977	0.961	0	1	0.98	1
25	0.981	0.003	0.978	0.961	0	1	0.98	1
26	0.981	0.003	0.977	0.961	0	1	0.98	1
27	0.981	0.003	0.978	0.961	0	1	0.98	1
28	0.981	0.003	0.979	0.961	0	1	0.98	1
29	0.981	0.003	0.978	0.961	0	1	0.98	1
30	0.981	0.003	0.979	0.961	0	1	0.98	1
31	0.981	0.002	0.98	0.961	0	1	0.98	1
32	0.981	0.003	0.978	0.961	0	1	0.98	1
33	0.981	0.003	0.979	0.961	0	1	0.98	1
34	0.981	0.002	0.979	0.961	0	1	0.98	1
35	0.981	0.002	0.979	0.961	0	1	0.98	1
36	0.981	0.003	0.979	0.961	0	1	0.98	1
37	0.981	0.002	0.979	0.961	0	1	0.98	1
38	0.981	0.002	0.979	0.961	0	1	0.98	1
39	0.981	0.003	0.978	0.961	0	1	0.98	1
40	0.981	0.001	0.98	0.961	0	1	0.98	1
41	0.981	0.003	0.977	0.961	0	1	0.98	1
42	0.981	0.003	0.978	0.961	0	1	0.98	1
43	0.981	0.003	0.977	0.961	0	1	0.98	1
44	0.981	0.003	0.978	0.961	0	1	0.98	1
45	0.981	0.002	0.979	0.961	0	1	0.98	1
46	0.981	0.003	0.978	0.961	0	1	0.98	1
47	0.981	0.002	0.979	0.961	0	1	0.98	1
48	0.981	0.002	0.98	0.961	0	1	0.98	1
49	0.981	0.002	0.98	0.961	0	1	0.98	1
best individual: #c1: 94.84	#c2:37.26	#p1:50.66	#p2:115.32
evaluation: 
Correctly Classified Instances         217               98.6364 %
Incorrectly Classified Instances         3                1.3636 %
Kappa statistic                          0.9698
Total Cost                             111.7659
Average Cost                             0.508 
Mean absolute error                      0.021 
Root mean squared error                  0.1217
Relative absolute error                  4.6143 %
Root relative squared error             25.5207 %
Total Number of Instances              220     

=== Detailed Accuracy By Class ===

               TP Rate   FP Rate   Precision   Recall  F-Measure   ROC Area  Class
                 1         0.039      0.979     1         0.99       0.995    cp
                 0.961     0          1         0.961     0.98       0.995    im
Weighted Avg.    0.986     0.025      0.987     0.986     0.986      0.995


elite_count=1
mutation_rate=0.5
selection_strategy=RouletteWheelSelection
dataset_path=/home/cloudera/decsb/in/02_ecoliCP_IM.arff
fitness_metric=GMMetric
crossover_points=4
selection_param=0.2
num_folds=4
population_count=10
number_of_generations=50
beta=0.5
cost_classifier=weka.classifiers.meta.CostSensitiveClassifier
use_reweight=false
base_classifier=weka.classifiers.bayes.NaiveBayes

	Fitness	SDev	Mean	TrueP	FalseP	TrueN	FMeas	Precision
0	0.98	0.007	0.972	0.961	0	1	0.98	1
1	0.98	0.005	0.973	0.961	0	1	0.98	1
2	0.98	0.003	0.976	0.961	0	1	0.98	1
3	0.98	0.003	0.975	0.961	0	1	0.98	1
4	0.98	0.003	0.975	0.961	0	1	0.98	1
5	0.98	0.003	0.976	0.961	0	1	0.98	1
6	0.98	0.003	0.975	0.961	0	1	0.98	1
7	0.98	0.003	0.976	0.961	0	1	0.98	1
8	0.98	0.003	0.976	0.961	0	1	0.98	1
9	0.98	0.003	0.977	0.961	0	1	0.98	1
10	0.98	0.003	0.978	0.961	0	1	0.98	1
11	0.98	0.002	0.979	0.961	0	1	0.98	1
12	0.98	0.003	0.978	0.961	0	1	0.98	1
13	0.98	0.002	0.979	0.961	0	1	0.98	1
14	0.98	0.003	0.978	0.961	0	1	0.98	1
15	0.98	0.002	0.979	0.961	0	1	0.98	1
16	0.98	0.002	0.979	0.961	0	1	0.98	1
17	0.98	0.003	0.978	0.961	0	1	0.98	1
18	0.98	0.003	0.979	0.961	0	1	0.98	1
19	0.98	0.003	0.977	0.961	0	1	0.98	1
20	0.98	0.002	0.977	0.961	0	1	0.98	1
21	0.98	0.003	0.978	0.961	0	1	0.98	1
22	0.98	0.003	0.978	0.961	0	1	0.98	1
23	0.98	0.002	0.979	0.961	0	1	0.98	1
24	0.98	0.002	0.979	0.961	0	1	0.98	1
25	0.98	0.003	0.979	0.961	0	1	0.98	1
26	0.98	0.001	0.98	0.961	0	1	0.98	1
27	0.98	0.003	0.977	0.961	0	1	0.98	1
28	0.98	0.003	0.978	0.961	0	1	0.98	1
29	0.98	0.003	0.978	0.961	0	1	0.98	1
30	0.98	0.003	0.978	0.961	0	1	0.98	1
31	0.98	0.003	0.978	0.961	0	1	0.98	1
32	0.98	0.003	0.978	0.961	0	1	0.98	1
33	0.98	0.002	0.979	0.961	0	1	0.98	1
34	0.98	0.001	0.98	0.961	0	1	0.98	1
35	0.98	0.003	0.978	0.961	0	1	0.98	1
36	0.98	0.003	0.978	0.961	0	1	0.98	1
37	0.98	0.003	0.977	0.961	0	1	0.98	1
38	0.98	0.001	0.98	0.961	0	1	0.98	1
39	0.98	0.003	0.979	0.961	0	1	0.98	1
40	0.98	0.002	0.979	0.961	0	1	0.98	1
41	0.98	0.003	0.977	0.961	0	1	0.98	1
42	0.98	0.003	0.979	0.961	0	1	0.98	1
43	0.98	0.003	0.978	0.961	0	1	0.98	1
44	0.98	0.002	0.979	0.961	0	1	0.98	1
45	0.98	0.001	0.98	0.961	0	1	0.98	1
46	0.98	0.001	0.98	0.961	0	1	0.98	1
47	0.98	0.002	0.98	0.961	0	1	0.98	1
48	0.98	0.003	0.978	0.961	0	1	0.98	1
49	0.98	0.003	0.979	0.961	0	1	0.98	1
best individual: #c1: 107.05	#c2:55.82	#p1:20.83	#p2:112.18
evaluation: 
Correctly Classified Instances         217               98.6364 %
Incorrectly Classified Instances         3                1.3636 %
Kappa statistic                          0.9698
Total Cost                             167.4658
Average Cost                             0.7612
Mean absolute error                      0.0217
Root mean squared error                  0.1222
Relative absolute error                  4.761  %
Root relative squared error             25.6153 %
Total Number of Instances              220     

=== Detailed Accuracy By Class ===

               TP Rate   FP Rate   Precision   Recall  F-Measure   ROC Area  Class
                 1         0.039      0.979     1         0.99       0.995    cp
                 0.961     0          1         0.961     0.98       0.995    im
Weighted Avg.    0.986     0.025      0.987     0.986     0.986      0.995


elite_count=1
mutation_rate=0.5
selection_strategy=RouletteWheelSelection
dataset_path=/home/cloudera/decsb/in/02_ecoliCP_IM.arff
fitness_metric=LinTPTNMetric
crossover_points=4
selection_param=0.2
num_folds=4
population_count=10
number_of_generations=50
beta=0.5
cost_classifier=weka.classifiers.meta.CostSensitiveClassifier
use_reweight=false
base_classifier=weka.classifiers.bayes.NaiveBayes

	Fitness	SDev	Mean	TrueP	FalseP	TrueN	FMeas	Precision
0	0.981	0.003	0.975	0.961	0	1	0.98	1
1	0.981	0.003	0.975	0.961	0	1	0.98	1
2	0.981	0.002	0.976	0.961	0	1	0.98	1
3	0.981	0.003	0.975	0.961	0	1	0.98	1
4	0.981	0.003	0.975	0.961	0	1	0.98	1
5	0.981	0.003	0.976	0.961	0	1	0.98	1
6	0.981	0.003	0.976	0.961	0	1	0.98	1
7	0.981	0.003	0.975	0.961	0	1	0.98	1
8	0.981	0.003	0.976	0.961	0	1	0.98	1
9	0.981	0.003	0.976	0.961	0	1	0.98	1
10	0.981	0.003	0.975	0.961	0	1	0.98	1
11	0.981	0.002	0.974	0.961	0	1	0.98	1
12	0.981	0.002	0.974	0.961	0	1	0.98	1
13	0.981	0.003	0.975	0.961	0	1	0.98	1
14	0.981	0.003	0.975	0.961	0	1	0.98	1
15	0.981	0.003	0.976	0.961	0	1	0.98	1
16	0.981	0.003	0.976	0.961	0	1	0.98	1
17	0.981	0.003	0.976	0.961	0	1	0.98	1
18	0.981	0.003	0.976	0.961	0	1	0.98	1
19	0.981	0.003	0.978	0.961	0	1	0.98	1
20	0.981	0.003	0.978	0.961	0	1	0.98	1
21	0.981	0.003	0.976	0.961	0	1	0.98	1
22	0.981	0.003	0.977	0.961	0	1	0.98	1
23	0.981	0.003	0.978	0.961	0	1	0.98	1
24	0.981	0.003	0.976	0.961	0	1	0.98	1
25	0.981	0.003	0.977	0.961	0	1	0.98	1
26	0.981	0.003	0.977	0.961	0	1	0.98	1
27	0.981	0.003	0.975	0.961	0	1	0.98	1
28	0.981	0.003	0.977	0.961	0	1	0.98	1
29	0.981	0.003	0.976	0.961	0	1	0.98	1
30	0.981	0.003	0.977	0.961	0	1	0.98	1
31	0.981	0.003	0.977	0.961	0	1	0.98	1
32	0.981	0.003	0.976	0.961	0	1	0.98	1
33	0.981	0.003	0.977	0.961	0	1	0.98	1
34	0.981	0.003	0.977	0.961	0	1	0.98	1
35	0.981	0.003	0.975	0.961	0	1	0.98	1
36	0.981	0.003	0.977	0.961	0	1	0.98	1
37	0.981	0.003	0.977	0.961	0	1	0.98	1
38	0.981	0.003	0.977	0.961	0	1	0.98	1
39	0.981	0.003	0.977	0.961	0	1	0.98	1
40	0.981	0.002	0.975	0.961	0	1	0.98	1
41	0.981	0.003	0.976	0.961	0	1	0.98	1
42	0.981	0.003	0.978	0.961	0	1	0.98	1
43	0.981	0.003	0.977	0.961	0	1	0.98	1
44	0.981	0.003	0.977	0.961	0	1	0.98	1
45	0.981	0.003	0.977	0.961	0	1	0.98	1
46	0.981	0.003	0.976	0.961	0	1	0.98	1
47	0.981	0.002	0.975	0.961	0	1	0.98	1
48	0.981	0.003	0.979	0.961	0	1	0.98	1
49	0.981	0.003	0.977	0.961	0	1	0.98	1
best individual: #c1: 83.63	#c2:25.29	#p1:27.84	#p2:56.52
evaluation: 
Correctly Classified Instances         217               98.6364 %
Incorrectly Classified Instances         3                1.3636 %
Kappa statistic                          0.9698
Total Cost                              75.8664
Average Cost                             0.3448
Mean absolute error                      0.0205
Root mean squared error                  0.1219
Relative absolute error                  4.5106 %
Root relative squared error             25.5542 %
Total Number of Instances              220     

=== Detailed Accuracy By Class ===

               TP Rate   FP Rate   Precision   Recall  F-Measure   ROC Area  Class
                 1         0.039      0.979     1         0.99       0.995    cp
                 0.961     0          1         0.961     0.98       0.995    im
Weighted Avg.    0.986     0.025      0.987     0.986     0.986      0.995


elite_count=1
mutation_rate=0.5
selection_strategy=RouletteWheelSelection
dataset_path=/home/cloudera/decsb/in/02_ecoliCP_IM.arff
fitness_metric=BAccMetric
crossover_points=4
selection_param=0.2
num_folds=4
population_count=10
number_of_generations=50
beta=0.5
cost_classifier=weka.classifiers.meta.CostSensitiveClassifier
use_reweight=false
base_classifier=weka.classifiers.meta.AdaBoostM1

	Fitness	SDev	Mean	TrueP	FalseP	TrueN	FMeas	Precision
0	0.987	0.193	0.886	0.974	0	1	0.987	1
1	0.987	0.193	0.886	0.974	0	1	0.987	1
2	0.987	0.144	0.933	0.974	0	1	0.987	1
3	0.987	0.145	0.934	0.974	0	1	0.987	1
4	0.987	0.002	0.981	0.974	0	1	0.987	1
5	0.987	0.004	0.981	0.974	0	1	0.987	1
6	0.987	0.003	0.982	0.974	0	1	0.987	1
7	0.987	0.004	0.982	0.974	0	1	0.987	1
8	0.987	0.004	0.982	0.974	0	1	0.987	1
9	0.987	0.004	0.983	0.974	0	1	0.987	1
10	0.987	0.003	0.985	0.974	0	1	0.987	1
11	0.987	0.004	0.983	0.974	0	1	0.987	1
12	0.987	0.004	0.985	0.974	0	1	0.987	1
13	0.987	0.003	0.983	0.974	0	1	0.987	1
14	0.987	0.004	0.982	0.974	0	1	0.987	1
15	0.987	0.004	0.982	0.974	0	1	0.987	1
16	0.987	0.004	0.982	0.974	0	1	0.987	1
17	0.987	0.004	0.983	0.974	0	1	0.987	1
18	0.987	0.005	0.982	0.974	0	1	0.987	1
19	0.987	0.003	0.982	0.974	0	1	0.987	1
20	0.987	0.005	0.983	0.974	0	1	0.987	1
21	0.987	0.004	0.982	0.974	0	1	0.987	1
22	0.987	0.004	0.983	0.974	0	1	0.987	1
23	0.987	0.003	0.981	0.974	0	1	0.987	1
24	0.987	0.003	0.982	0.974	0	1	0.987	1
25	0.987	0.004	0.982	0.974	0	1	0.987	1
26	0.987	0.004	0.981	0.974	0	1	0.987	1
27	0.987	0.004	0.984	0.974	0	1	0.987	1
28	0.987	0.003	0.985	0.974	0	1	0.987	1
29	0.987	0.004	0.982	0.974	0	1	0.987	1
30	0.987	0.004	0.982	0.974	0	1	0.987	1
31	0.987	0.004	0.984	0.974	0	1	0.987	1
32	0.987	0.004	0.982	0.974	0	1	0.987	1
33	0.987	0.004	0.981	0.974	0	1	0.987	1
34	0.987	0.004	0.984	0.974	0	1	0.987	1
35	0.987	0.004	0.982	0.974	0	1	0.987	1
36	0.987	0.003	0.985	0.974	0	1	0.987	1
37	0.987	0.003	0.984	0.974	0	1	0.987	1
38	0.987	0.004	0.983	0.974	0	1	0.987	1
39	0.987	0.003	0.984	0.974	0	1	0.987	1
40	0.987	0.004	0.982	0.974	0	1	0.987	1
41	0.987	0.004	0.982	0.974	0	1	0.987	1
42	0.987	0.004	0.984	0.974	0	1	0.987	1
43	0.987	0.003	0.98	0.974	0	1	0.987	1
44	0.987	0.003	0.983	0.974	0	1	0.987	1
45	0.987	0.003	0.982	0.974	0	1	0.987	1
46	0.987	0.003	0.983	0.974	0	1	0.987	1
47	0.987	0.004	0.983	0.974	0	1	0.987	1
48	0.987	0.004	0.983	0.974	0	1	0.987	1
49	0.987	0.003	0.982	0.974	0	1	0.987	1
best individual: #c1: 17.51	#c2:75.69	#p1:100.41	#p2:84.49
evaluation: 
Correctly Classified Instances         218               99.0909 %
Incorrectly Classified Instances         2                0.9091 %
Kappa statistic                          0.9799
Total Cost                             151.3777
Average Cost                             0.6881
Mean absolute error                      0.0131
Root mean squared error                  0.101 
Relative absolute error                  2.8733 %
Root relative squared error             21.1754 %
Total Number of Instances              220     

=== Detailed Accuracy By Class ===

               TP Rate   FP Rate   Precision   Recall  F-Measure   ROC Area  Class
                 1         0.026      0.986     1         0.993      0.988    cp
                 0.974     0          1         0.974     0.987      0.988    im
Weighted Avg.    0.991     0.017      0.991     0.991     0.991      0.988


elite_count=1
mutation_rate=0.5
selection_strategy=RouletteWheelSelection
dataset_path=/home/cloudera/decsb/in/02_ecoliCP_IM.arff
fitness_metric=GMMetric
crossover_points=4
selection_param=0.2
num_folds=4
population_count=10
number_of_generations=50
beta=0.5
cost_classifier=weka.classifiers.meta.CostSensitiveClassifier
use_reweight=false
base_classifier=weka.classifiers.meta.AdaBoostM1

	Fitness	SDev	Mean	TrueP	FalseP	TrueN	FMeas	Precision
0	0.98	0.488	0.488	0.961	0	1	0.98	1
1	0.98	0.294	0.881	0.961	0	1	0.98	1
2	0.98	0	0.98	0.961	0	1	0.98	1
3	0.98	0.392	0.784	0.961	0	1	0.98	1
4	0.98	0.294	0.882	0.961	0	1	0.98	1
5	0.98	0.294	0.882	0.961	0	1	0.98	1
6	0.983	0.294	0.883	0.974	0.007	0.993	0.98	0.987
7	0.983	0.294	0.882	0.974	0.007	0.993	0.98	0.987
8	0.983	0.294	0.882	0.974	0.007	0.993	0.98	0.987
9	0.983	0.292	0.869	0.974	0.007	0.993	0.98	0.987
10	0.983	0.001	0.981	0.974	0.007	0.993	0.98	0.987
11	0.987	0.294	0.883	0.974	0	1	0.987	1
12	0.987	0.003	0.98	0.974	0	1	0.987	1
13	0.987	0.002	0.981	0.974	0	1	0.987	1
14	0.987	0.294	0.883	0.974	0	1	0.987	1
15	0.987	0.004	0.98	0.974	0	1	0.987	1
16	0.987	0.002	0.981	0.974	0	1	0.987	1
17	0.987	0.002	0.981	0.974	0	1	0.987	1
18	0.987	0.003	0.982	0.974	0	1	0.987	1
19	0.987	0.004	0.982	0.974	0	1	0.987	1
20	0.987	0.002	0.981	0.974	0	1	0.987	1
21	0.987	0.003	0.981	0.974	0	1	0.987	1
22	0.987	0.002	0.981	0.974	0	1	0.987	1
23	0.987	0.294	0.883	0.974	0	1	0.987	1
24	0.987	0.003	0.98	0.974	0	1	0.987	1
25	0.987	0.004	0.98	0.974	0	1	0.987	1
26	0.987	0.003	0.98	0.974	0	1	0.987	1
27	0.987	0.004	0.982	0.974	0	1	0.987	1
28	0.987	0.002	0.981	0.974	0	1	0.987	1
29	0.987	0.004	0.98	0.974	0	1	0.987	1
30	0.987	0.003	0.981	0.974	0	1	0.987	1
31	0.987	0.002	0.981	0.974	0	1	0.987	1
32	0.987	0.002	0.981	0.974	0	1	0.987	1
33	0.987	0.003	0.98	0.974	0	1	0.987	1
34	0.987	0.003	0.98	0.974	0	1	0.987	1
35	0.987	0.003	0.981	0.974	0	1	0.987	1
36	0.987	0.003	0.98	0.974	0	1	0.987	1
37	0.987	0.002	0.981	0.974	0	1	0.987	1
38	0.987	0.002	0.981	0.974	0	1	0.987	1
39	0.987	0.003	0.98	0.974	0	1	0.987	1
40	0.987	0.003	0.981	0.974	0	1	0.987	1
41	0.987	0.003	0.98	0.974	0	1	0.987	1
42	0.987	0.004	0.98	0.974	0	1	0.987	1
43	0.987	0.003	0.981	0.974	0	1	0.987	1
44	0.987	0.003	0.981	0.974	0	1	0.987	1
45	0.987	0.003	0.98	0.974	0	1	0.987	1
46	0.987	0.004	0.981	0.974	0	1	0.987	1
47	0.987	0.003	0.98	0.974	0	1	0.987	1
48	0.987	0.003	0.982	0.974	0	1	0.987	1
49	0.987	0.003	0.982	0.974	0	1	0.987	1
best individual: #c1: 8.53	#c2:19.67	#p1:108.76	#p2:20.18
evaluation: 
Correctly Classified Instances         218               99.0909 %
Incorrectly Classified Instances         2                0.9091 %
Kappa statistic                          0.9799
Total Cost                              39.3354
Average Cost                             0.1788
Mean absolute error                      0.0169
Root mean squared error                  0.1008
Relative absolute error                  3.7129 %
Root relative squared error             21.1227 %
Total Number of Instances              220     

=== Detailed Accuracy By Class ===

               TP Rate   FP Rate   Precision   Recall  F-Measure   ROC Area  Class
                 1         0.026      0.986     1         0.993      0.989    cp
                 0.974     0          1         0.974     0.987      0.989    im
Weighted Avg.    0.991     0.017      0.991     0.991     0.991      0.989


elite_count=1
mutation_rate=0.5
selection_strategy=RouletteWheelSelection
dataset_path=/home/cloudera/decsb/in/02_ecoliCP_IM.arff
fitness_metric=LinTPTNMetric
crossover_points=4
selection_param=0.2
num_folds=4
population_count=10
number_of_generations=50
beta=0.5
cost_classifier=weka.classifiers.meta.CostSensitiveClassifier
use_reweight=false
base_classifier=weka.classifiers.meta.AdaBoostM1

	Fitness	SDev	Mean	TrueP	FalseP	TrueN	FMeas	Precision
0	0.981	0.144	0.931	0.961	0	1	0.98	1
1	0.981	0.192	0.884	0.961	0	1	0.98	1
2	0.987	0.193	0.885	0.974	0	1	0.987	1
3	0.987	0.004	0.982	0.974	0	1	0.987	1
4	0.987	0.003	0.982	0.974	0	1	0.987	1
5	0.987	0.003	0.981	0.974	0	1	0.987	1
6	0.987	0.003	0.981	0.974	0	1	0.987	1
7	0.987	0.003	0.982	0.974	0	1	0.987	1
8	0.987	0.002	0.981	0.974	0	1	0.987	1
9	0.987	0.004	0.982	0.974	0	1	0.987	1
10	0.987	0.003	0.98	0.974	0	1	0.987	1
11	0.987	0.003	0.981	0.974	0	1	0.987	1
12	0.987	0.003	0.98	0.974	0	1	0.987	1
13	0.987	0.003	0.979	0.974	0	1	0.987	1
14	0.987	0.002	0.981	0.974	0	1	0.987	1
15	0.987	0.002	0.981	0.974	0	1	0.987	1
16	0.987	0.003	0.981	0.974	0	1	0.987	1
17	0.987	0.003	0.981	0.974	0	1	0.987	1
18	0.987	0.002	0.981	0.974	0	1	0.987	1
19	0.987	0.002	0.981	0.974	0	1	0.987	1
20	0.987	0.003	0.98	0.974	0	1	0.987	1
21	0.987	0.003	0.979	0.974	0	1	0.987	1
22	0.987	0.003	0.98	0.974	0	1	0.987	1
23	0.987	0.004	0.982	0.974	0	1	0.987	1
24	0.987	0.003	0.982	0.974	0	1	0.987	1
25	0.987	0.003	0.982	0.974	0	1	0.987	1
26	0.987	0.004	0.981	0.974	0	1	0.987	1
27	0.987	0.002	0.981	0.974	0	1	0.987	1
28	0.987	0.002	0.981	0.974	0	1	0.987	1
29	0.987	0.003	0.982	0.974	0	1	0.987	1
30	0.987	0.003	0.981	0.974	0	1	0.987	1
31	0.987	0.003	0.982	0.974	0	1	0.987	1
32	0.987	0.003	0.982	0.974	0	1	0.987	1
33	0.987	0.003	0.981	0.974	0	1	0.987	1
34	0.987	0.002	0.981	0.974	0	1	0.987	1
35	0.987	0.002	0.981	0.974	0	1	0.987	1
36	0.987	0.003	0.983	0.974	0	1	0.987	1
37	0.987	0.003	0.982	0.974	0	1	0.987	1
38	0.987	0.002	0.981	0.974	0	1	0.987	1
39	0.987	0.002	0.981	0.974	0	1	0.987	1
40	0.987	0.003	0.982	0.974	0	1	0.987	1
41	0.987	0.003	0.982	0.974	0	1	0.987	1
42	0.987	0.003	0.982	0.974	0	1	0.987	1
43	0.987	0.003	0.981	0.974	0	1	0.987	1
44	0.987	0.003	0.981	0.974	0	1	0.987	1
45	0.987	0.002	0.981	0.974	0	1	0.987	1
46	0.987	0.003	0.981	0.974	0	1	0.987	1
47	0.987	0.003	0.984	0.974	0	1	0.987	1
48	0.987	0.003	0.982	0.974	0	1	0.987	1
49	0.987	0.003	0.982	0.974	0	1	0.987	1
best individual: #c1: 101.98	#c2:95.23	#p1:104.54	#p2:121.21
evaluation: 
Correctly Classified Instances         218               99.0909 %
Incorrectly Classified Instances         2                0.9091 %
Kappa statistic                          0.9799
Total Cost                             190.455 
Average Cost                             0.8657
Mean absolute error                      0.0115
Root mean squared error                  0.0982
Relative absolute error                  2.5241 %
Root relative squared error             20.5829 %
Total Number of Instances              220     

=== Detailed Accuracy By Class ===

               TP Rate   FP Rate   Precision   Recall  F-Measure   ROC Area  Class
                 1         0.026      0.986     1         0.993      0.989    cp
                 0.974     0          1         0.974     0.987      0.989    im
Weighted Avg.    0.991     0.017      0.991     0.991     0.991      0.989


elite_count=1
mutation_rate=0.5
selection_strategy=RouletteWheelSelection
dataset_path=/home/cloudera/decsb/in/02_ecoliCP_IM.arff
fitness_metric=BAccMetric
crossover_points=4
selection_param=0.2
num_folds=4
population_count=20
number_of_generations=50
beta=0.5
cost_classifier=weka.classifiers.meta.CostSensitiveClassifier
use_reweight=false
base_classifier=weka.classifiers.lazy.IBk

	Fitness	SDev	Mean	TrueP	FalseP	TrueN	FMeas	Precision
0	0.981	0.017	0.958	0.961	0	1	0.98	1
1	0.984	0.018	0.962	0.974	0.007	0.993	0.98	0.987
2	0.984	0.02	0.956	0.974	0.007	0.993	0.98	0.987
3	0.984	0.021	0.953	0.974	0.007	0.993	0.98	0.987
4	0.984	0.023	0.952	0.974	0.007	0.993	0.98	0.987
5	0.984	0.024	0.961	0.974	0.007	0.993	0.98	0.987
6	0.984	0.021	0.966	0.974	0.007	0.993	0.98	0.987
7	0.984	0.017	0.966	0.974	0.007	0.993	0.98	0.987
8	0.984	0.025	0.963	0.974	0.007	0.993	0.98	0.987
9	0.984	0.019	0.971	0.974	0.007	0.993	0.98	0.987
10	0.984	0.016	0.973	0.974	0.007	0.993	0.98	0.987
11	0.984	0.021	0.967	0.974	0.007	0.993	0.98	0.987
12	0.984	0.013	0.975	0.974	0.007	0.993	0.98	0.987
13	0.984	0.017	0.973	0.974	0.007	0.993	0.98	0.987
14	0.984	0.01	0.976	0.974	0.007	0.993	0.98	0.987
15	0.984	0.011	0.977	0.974	0.007	0.993	0.98	0.987
16	0.984	0.003	0.981	0.974	0.007	0.993	0.98	0.987
17	0.984	0.006	0.978	0.974	0.007	0.993	0.98	0.987
18	0.984	0.007	0.979	0.974	0.007	0.993	0.98	0.987
19	0.984	0.004	0.979	0.974	0.007	0.993	0.98	0.987
20	0.984	0.004	0.978	0.974	0.007	0.993	0.98	0.987
21	0.984	0.006	0.978	0.974	0.007	0.993	0.98	0.987
22	0.984	0.003	0.981	0.974	0.007	0.993	0.98	0.987
23	0.984	0.006	0.977	0.974	0.007	0.993	0.98	0.987
24	0.984	0.006	0.98	0.974	0.007	0.993	0.98	0.987
25	0.984	0.006	0.979	0.974	0.007	0.993	0.98	0.987
26	0.984	0.004	0.98	0.974	0.007	0.993	0.98	0.987
27	0.984	0.006	0.979	0.974	0.007	0.993	0.98	0.987
28	0.984	0.007	0.976	0.974	0.007	0.993	0.98	0.987
29	0.984	0.006	0.978	0.974	0.007	0.993	0.98	0.987
30	0.984	0.006	0.978	0.974	0.007	0.993	0.98	0.987
31	0.984	0.006	0.98	0.974	0.007	0.993	0.98	0.987
32	0.984	0.004	0.978	0.974	0.007	0.993	0.98	0.987
33	0.984	0.004	0.98	0.974	0.007	0.993	0.98	0.987
34	0.984	0.004	0.979	0.974	0.007	0.993	0.98	0.987
35	0.984	0.005	0.979	0.974	0.007	0.993	0.98	0.987
36	0.984	0.006	0.978	0.974	0.007	0.993	0.98	0.987
37	0.984	0.005	0.978	0.974	0.007	0.993	0.98	0.987
38	0.984	0.006	0.979	0.974	0.007	0.993	0.98	0.987
39	0.984	0.006	0.978	0.974	0.007	0.993	0.98	0.987
40	0.984	0.002	0.982	0.974	0.007	0.993	0.98	0.987
41	0.984	0.004	0.98	0.974	0.007	0.993	0.98	0.987
42	0.984	0.004	0.979	0.974	0.007	0.993	0.98	0.987
43	0.984	0.007	0.979	0.974	0.007	0.993	0.98	0.987
44	0.984	0.005	0.981	0.974	0.007	0.993	0.98	0.987
45	0.984	0.004	0.979	0.974	0.007	0.993	0.98	0.987
46	0.984	0.008	0.976	0.974	0.007	0.993	0.98	0.987
47	0.984	0.006	0.979	0.974	0.007	0.993	0.98	0.987
48	0.984	0.004	0.979	0.974	0.007	0.993	0.98	0.987
49	0.984	0.003	0.979	0.974	0.007	0.993	0.98	0.987
best individual: #c1: 51.65	#c2:87.89	#p1:57.82	#p2:1.03
evaluation: 
Correctly Classified Instances         217               98.6364 %
Incorrectly Classified Instances         3                1.3636 %
Kappa statistic                          0.9699
Total Cost                             227.4213
Average Cost                             1.0337
Mean absolute error                      0.0365
Root mean squared error                  0.1324
Relative absolute error                  8.0138 %
Root relative squared error             27.7622 %
Total Number of Instances              220     

=== Detailed Accuracy By Class ===

               TP Rate   FP Rate   Precision   Recall  F-Measure   ROC Area  Class
                 0.993     0.026      0.986     0.993     0.99       0.989    cp
                 0.974     0.007      0.987     0.974     0.98       0.989    im
Weighted Avg.    0.986     0.019      0.986     0.986     0.986      0.989


elite_count=1
mutation_rate=0.5
selection_strategy=RouletteWheelSelection
dataset_path=/home/cloudera/decsb/in/02_ecoliCP_IM.arff
fitness_metric=GMMetric
crossover_points=4
selection_param=0.2
num_folds=4
population_count=20
number_of_generations=50
beta=0.5
cost_classifier=weka.classifiers.meta.CostSensitiveClassifier
use_reweight=false
base_classifier=weka.classifiers.lazy.IBk

	Fitness	SDev	Mean	TrueP	FalseP	TrueN	FMeas	Precision
0	0.98	0.031	0.952	0.961	0	1	0.98	1
1	0.98	0.025	0.947	0.961	0	1	0.98	1
2	0.983	0.023	0.963	0.974	0.007	0.993	0.98	0.987
3	0.983	0.017	0.965	0.974	0.007	0.993	0.98	0.987
4	0.983	0.013	0.97	0.974	0.007	0.993	0.98	0.987
5	0.983	0.013	0.972	0.974	0.007	0.993	0.98	0.987
6	0.983	0.015	0.971	0.974	0.007	0.993	0.98	0.987
7	0.983	0.013	0.967	0.974	0.007	0.993	0.98	0.987
8	0.983	0.015	0.967	0.974	0.007	0.993	0.98	0.987
9	0.983	0.015	0.966	0.974	0.007	0.993	0.98	0.987
10	0.983	0.014	0.972	0.974	0.007	0.993	0.98	0.987
11	0.983	0.012	0.973	0.974	0.007	0.993	0.98	0.987
12	0.983	0.012	0.973	0.974	0.007	0.993	0.98	0.987
13	0.983	0.008	0.975	0.974	0.007	0.993	0.98	0.987
14	0.983	0.009	0.977	0.974	0.007	0.993	0.98	0.987
15	0.983	0.009	0.976	0.974	0.007	0.993	0.98	0.987
16	0.983	0.011	0.975	0.974	0.007	0.993	0.98	0.987
17	0.983	0.01	0.975	0.974	0.007	0.993	0.98	0.987
18	0.983	0.014	0.974	0.974	0.007	0.993	0.98	0.987
19	0.983	0.01	0.975	0.974	0.007	0.993	0.98	0.987
20	0.983	0.013	0.975	0.974	0.007	0.993	0.98	0.987
21	0.983	0.008	0.977	0.974	0.007	0.993	0.98	0.987
22	0.983	0.01	0.977	0.974	0.007	0.993	0.98	0.987
23	0.983	0.008	0.975	0.974	0.007	0.993	0.98	0.987
24	0.983	0.007	0.978	0.974	0.007	0.993	0.98	0.987
25	0.983	0.008	0.977	0.974	0.007	0.993	0.98	0.987
26	0.983	0.013	0.975	0.974	0.007	0.993	0.98	0.987
27	0.983	0.017	0.971	0.974	0.007	0.993	0.98	0.987
28	0.983	0.01	0.976	0.974	0.007	0.993	0.98	0.987
29	0.983	0.015	0.972	0.974	0.007	0.993	0.98	0.987
30	0.983	0.008	0.975	0.974	0.007	0.993	0.98	0.987
31	0.983	0.008	0.977	0.974	0.007	0.993	0.98	0.987
32	0.983	0.008	0.976	0.974	0.007	0.993	0.98	0.987
33	0.983	0.005	0.979	0.974	0.007	0.993	0.98	0.987
34	0.983	0.008	0.975	0.974	0.007	0.993	0.98	0.987
35	0.983	0.006	0.978	0.974	0.007	0.993	0.98	0.987
36	0.983	0.004	0.98	0.974	0.007	0.993	0.98	0.987
37	0.983	0.006	0.978	0.974	0.007	0.993	0.98	0.987
38	0.983	0.004	0.978	0.974	0.007	0.993	0.98	0.987
39	0.983	0.003	0.98	0.974	0.007	0.993	0.98	0.987
40	0.983	0.004	0.979	0.974	0.007	0.993	0.98	0.987
41	0.983	0.008	0.975	0.974	0.007	0.993	0.98	0.987
42	0.983	0.003	0.981	0.974	0.007	0.993	0.98	0.987
43	0.983	0.007	0.978	0.974	0.007	0.993	0.98	0.987
44	0.983	0.006	0.979	0.974	0.007	0.993	0.98	0.987
45	0.983	0.004	0.98	0.974	0.007	0.993	0.98	0.987
46	0.983	0.007	0.978	0.974	0.007	0.993	0.98	0.987
47	0.983	0.004	0.978	0.974	0.007	0.993	0.98	0.987
48	0.983	0.004	0.978	0.974	0.007	0.993	0.98	0.987
49	0.983	0.004	0.981	0.974	0.007	0.993	0.98	0.987
best individual: #c1: 3.32	#c2:5	#p1:51.43	#p2:30.44
evaluation: 
Correctly Classified Instances         217               98.6364 %
Incorrectly Classified Instances         3                1.3636 %
Kappa statistic                          0.9699
Total Cost                              13.3268
Average Cost                             0.0606
Mean absolute error                      0.0363
Root mean squared error                  0.1319
Relative absolute error                  7.9752 %
Root relative squared error             27.6453 %
Total Number of Instances              220     

=== Detailed Accuracy By Class ===

               TP Rate   FP Rate   Precision   Recall  F-Measure   ROC Area  Class
                 0.993     0.026      0.986     0.993     0.99       0.989    cp
                 0.974     0.007      0.987     0.974     0.98       0.989    im
Weighted Avg.    0.986     0.019      0.986     0.986     0.986      0.989


elite_count=1
mutation_rate=0.5
selection_strategy=RouletteWheelSelection
dataset_path=/home/cloudera/decsb/in/02_ecoliCP_IM.arff
fitness_metric=LinTPTNMetric
crossover_points=4
selection_param=0.2
num_folds=4
population_count=20
number_of_generations=50
beta=0.5
cost_classifier=weka.classifiers.meta.CostSensitiveClassifier
use_reweight=false
base_classifier=weka.classifiers.lazy.IBk

	Fitness	SDev	Mean	TrueP	FalseP	TrueN	FMeas	Precision
0	0.981	0.019	0.957	0.961	0	1	0.98	1
1	0.981	0.02	0.956	0.961	0	1	0.98	1
2	0.981	0.022	0.956	0.961	0	1	0.98	1
3	0.981	0.022	0.951	0.961	0	1	0.98	1
4	0.981	0.019	0.955	0.961	0	1	0.98	1
5	0.981	0.019	0.954	0.961	0	1	0.98	1
6	0.981	0.017	0.959	0.961	0	1	0.98	1
7	0.981	0.015	0.959	0.961	0	1	0.98	1
8	0.981	0.016	0.958	0.961	0	1	0.98	1
9	0.981	0.015	0.961	0.961	0	1	0.98	1
10	0.981	0.014	0.963	0.961	0	1	0.98	1
11	0.981	0.015	0.962	0.961	0	1	0.98	1
12	0.981	0.017	0.958	0.961	0	1	0.98	1
13	0.981	0.016	0.961	0.961	0	1	0.98	1
14	0.981	0.018	0.959	0.961	0	1	0.98	1
15	0.981	0.015	0.959	0.961	0	1	0.98	1
16	0.981	0.015	0.961	0.961	0	1	0.98	1
17	0.981	0.015	0.966	0.961	0	1	0.98	1
18	0.981	0.016	0.959	0.961	0	1	0.98	1
19	0.981	0.016	0.966	0.961	0	1	0.98	1
20	0.981	0.01	0.971	0.961	0	1	0.98	1
21	0.981	0.014	0.968	0.961	0	1	0.98	1
22	0.981	0.01	0.974	0.961	0	1	0.98	1
23	0.981	0.01	0.973	0.961	0	1	0.98	1
24	0.981	0.011	0.971	0.961	0	1	0.98	1
25	0.981	0.009	0.972	0.961	0	1	0.98	1
26	0.981	0.01	0.973	0.961	0	1	0.98	1
27	0.981	0.011	0.973	0.961	0	1	0.98	1
28	0.981	0.012	0.969	0.961	0	1	0.98	1
29	0.981	0.014	0.97	0.961	0	1	0.98	1
30	0.981	0.014	0.969	0.961	0	1	0.98	1
31	0.981	0.014	0.966	0.961	0	1	0.98	1
32	0.981	0.013	0.97	0.961	0	1	0.98	1
33	0.981	0.01	0.971	0.961	0	1	0.98	1
34	0.981	0.013	0.97	0.961	0	1	0.98	1
35	0.981	0.014	0.965	0.961	0	1	0.98	1
36	0.981	0.014	0.967	0.961	0	1	0.98	1
37	0.981	0.013	0.971	0.961	0	1	0.98	1
38	0.981	0.014	0.966	0.961	0	1	0.98	1
39	0.981	0.015	0.962	0.961	0	1	0.98	1
40	0.981	0.013	0.965	0.961	0	1	0.98	1
41	0.981	0.015	0.956	0.961	0	1	0.98	1
42	0.981	0.015	0.962	0.961	0	1	0.98	1
43	0.981	0.014	0.965	0.961	0	1	0.98	1
44	0.981	0.016	0.962	0.961	0	1	0.98	1
45	0.981	0.015	0.963	0.961	0	1	0.98	1
46	0.981	0.016	0.962	0.961	0	1	0.98	1
47	0.981	0.016	0.959	0.961	0	1	0.98	1
48	0.981	0.015	0.961	0.961	0	1	0.98	1
49	0.981	0.014	0.958	0.961	0	1	0.98	1
best individual: #c1: 47.22	#c2:126.13	#p1:92.69	#p2:4.69
evaluation: 
Correctly Classified Instances         217               98.6364 %
Incorrectly Classified Instances         3                1.3636 %
Kappa statistic                          0.9698
Total Cost                             378.3903
Average Cost                             1.72  
Mean absolute error                      0.0415
Root mean squared error                  0.1412
Relative absolute error                  9.1124 %
Root relative squared error             29.6088 %
Total Number of Instances              220     

=== Detailed Accuracy By Class ===

               TP Rate   FP Rate   Precision   Recall  F-Measure   ROC Area  Class
                 1         0.039      0.979     1         0.99       0.989    cp
                 0.961     0          1         0.961     0.98       0.988    im
Weighted Avg.    0.986     0.025      0.987     0.986     0.986      0.989


elite_count=1
mutation_rate=0.5
selection_strategy=RouletteWheelSelection
dataset_path=/home/cloudera/decsb/in/02_ecoliCP_IM.arff
fitness_metric=BAccMetric
crossover_points=4
selection_param=0.2
num_folds=4
population_count=20
number_of_generations=50
beta=0.5
cost_classifier=weka.classifiers.meta.CostSensitiveClassifier
use_reweight=false
base_classifier=weka.classifiers.trees.J48

	Fitness	SDev	Mean	TrueP	FalseP	TrueN	FMeas	Precision
0	0.98	0.105	0.953	0.974	0.014	0.986	0.974	0.974
1	0.98	0.01	0.977	0.974	0.014	0.986	0.974	0.974
2	0.98	0.011	0.977	0.974	0.014	0.986	0.974	0.974
3	0.98	0.001	0.98	0.974	0.014	0.986	0.974	0.974
4	0.98	0	0.98	0.974	0.014	0.986	0.974	0.974
5	0.98	0	0.98	0.974	0.014	0.986	0.974	0.974
6	0.98	0	0.98	0.974	0.014	0.986	0.974	0.974
7	0.98	0	0.98	0.974	0.014	0.986	0.974	0.974
8	0.98	0	0.98	0.974	0.014	0.986	0.974	0.974
9	0.98	0	0.98	0.974	0.014	0.986	0.974	0.974
10	0.98	0	0.98	0.974	0.014	0.986	0.974	0.974
11	0.98	0	0.98	0.974	0.014	0.986	0.974	0.974
12	0.98	0	0.98	0.974	0.014	0.986	0.974	0.974
13	0.98	0	0.98	0.974	0.014	0.986	0.974	0.974
14	0.98	0	0.98	0.974	0.014	0.986	0.974	0.974
15	0.98	0	0.98	0.974	0.014	0.986	0.974	0.974
16	0.98	0	0.98	0.974	0.014	0.986	0.974	0.974
17	0.98	0	0.98	0.974	0.014	0.986	0.974	0.974
18	0.98	0	0.98	0.974	0.014	0.986	0.974	0.974
19	0.98	0	0.98	0.974	0.014	0.986	0.974	0.974
20	0.98	0	0.98	0.974	0.014	0.986	0.974	0.974
21	0.98	0	0.98	0.974	0.014	0.986	0.974	0.974
22	0.98	0	0.98	0.974	0.014	0.986	0.974	0.974
23	0.98	0	0.98	0.974	0.014	0.986	0.974	0.974
24	0.98	0	0.98	0.974	0.014	0.986	0.974	0.974
25	0.98	0	0.98	0.974	0.014	0.986	0.974	0.974
26	0.98	0	0.98	0.974	0.014	0.986	0.974	0.974
27	0.98	0	0.98	0.974	0.014	0.986	0.974	0.974
28	0.98	0	0.98	0.974	0.014	0.986	0.974	0.974
29	0.98	0	0.98	0.974	0.014	0.986	0.974	0.974
30	0.98	0	0.98	0.974	0.014	0.986	0.974	0.974
31	0.98	0	0.98	0.974	0.014	0.986	0.974	0.974
32	0.98	0	0.98	0.974	0.014	0.986	0.974	0.974
33	0.98	0	0.98	0.974	0.014	0.986	0.974	0.974
34	0.98	0	0.98	0.974	0.014	0.986	0.974	0.974
35	0.98	0	0.98	0.974	0.014	0.986	0.974	0.974
36	0.98	0	0.98	0.974	0.014	0.986	0.974	0.974
37	0.98	0	0.98	0.974	0.014	0.986	0.974	0.974
38	0.98	0	0.98	0.974	0.014	0.986	0.974	0.974
39	0.98	0	0.98	0.974	0.014	0.986	0.974	0.974
40	0.98	0	0.98	0.974	0.014	0.986	0.974	0.974
41	0.98	0	0.98	0.974	0.014	0.986	0.974	0.974
42	0.98	0	0.98	0.974	0.014	0.986	0.974	0.974
43	0.98	0	0.98	0.974	0.014	0.986	0.974	0.974
44	0.98	0	0.98	0.974	0.014	0.986	0.974	0.974
45	0.98	0	0.98	0.974	0.014	0.986	0.974	0.974
46	0.98	0	0.98	0.974	0.014	0.986	0.974	0.974
47	0.98	0	0.98	0.974	0.014	0.986	0.974	0.974
48	0.98	0	0.98	0.974	0.014	0.986	0.974	0.974
49	0.98	0	0.98	0.974	0.014	0.986	0.974	0.974
best individual: #c1: 120.85	#c2:107.74	#p1:123.89	#p2:19.25
evaluation: 
Correctly Classified Instances         216               98.1818 %
Incorrectly Classified Instances         4                1.8182 %
Kappa statistic                          0.96  
Total Cost                             457.1692
Average Cost                             2.078 
Mean absolute error                      0.026 
Root mean squared error                  0.1347
Relative absolute error                  5.7075 %
Root relative squared error             28.2343 %
Total Number of Instances              220     

=== Detailed Accuracy By Class ===

               TP Rate   FP Rate   Precision   Recall  F-Measure   ROC Area  Class
                 0.986     0.026      0.986     0.986     0.986      0.974    cp
                 0.974     0.014      0.974     0.974     0.974      0.974    im
Weighted Avg.    0.982     0.022      0.982     0.982     0.982      0.974


elite_count=1
mutation_rate=0.5
selection_strategy=RouletteWheelSelection
dataset_path=/home/cloudera/decsb/in/02_ecoliCP_IM.arff
fitness_metric=GMMetric
crossover_points=4
selection_param=0.2
num_folds=4
population_count=20
number_of_generations=50
beta=0.5
cost_classifier=weka.classifiers.meta.CostSensitiveClassifier
use_reweight=false
base_classifier=weka.classifiers.trees.J48

	Fitness	SDev	Mean	TrueP	FalseP	TrueN	FMeas	Precision
0	0.98	0.065	0.963	0.974	0.014	0.986	0.974	0.974
1	0.98	0.005	0.978	0.974	0.014	0.986	0.974	0.974
2	0.98	0.001	0.98	0.974	0.014	0.986	0.974	0.974
3	0.98	0	0.98	0.974	0.014	0.986	0.974	0.974
4	0.98	0.004	0.979	0.974	0.014	0.986	0.974	0.974
5	0.98	0.004	0.979	0.974	0.014	0.986	0.974	0.974
6	0.98	0.004	0.979	0.974	0.014	0.986	0.974	0.974
7	0.98	0.004	0.979	0.974	0.014	0.986	0.974	0.974
8	0.98	0.006	0.977	0.974	0.014	0.986	0.974	0.974
9	0.98	0.006	0.978	0.974	0.014	0.986	0.974	0.974
10	0.98	0.006	0.978	0.974	0.014	0.986	0.974	0.974
11	0.98	0.007	0.977	0.974	0.014	0.986	0.974	0.974
12	0.98	0.001	0.98	0.974	0.014	0.986	0.974	0.974
13	0.98	0.006	0.977	0.974	0.014	0.986	0.974	0.974
14	0.98	0.005	0.978	0.974	0.014	0.986	0.974	0.974
15	0.98	0.006	0.977	0.974	0.014	0.986	0.974	0.974
16	0.98	0.004	0.979	0.974	0.014	0.986	0.974	0.974
17	0.98	0.005	0.978	0.974	0.014	0.986	0.974	0.974
18	0.98	0.001	0.979	0.974	0.014	0.986	0.974	0.974
19	0.98	0.001	0.98	0.974	0.014	0.986	0.974	0.974
20	0.98	0.004	0.979	0.974	0.014	0.986	0.974	0.974
21	0.98	0.005	0.978	0.974	0.014	0.986	0.974	0.974
22	0.98	0.005	0.978	0.974	0.014	0.986	0.974	0.974
23	0.98	0.001	0.98	0.974	0.014	0.986	0.974	0.974
24	0.98	0	0.98	0.974	0.014	0.986	0.974	0.974
25	0.98	0.001	0.979	0.974	0.014	0.986	0.974	0.974
26	0.98	0.001	0.98	0.974	0.014	0.986	0.974	0.974
27	0.98	0.001	0.98	0.974	0.014	0.986	0.974	0.974
28	0.98	0.001	0.98	0.974	0.014	0.986	0.974	0.974
29	0.98	0	0.98	0.974	0.014	0.986	0.974	0.974
30	0.98	0.001	0.98	0.974	0.014	0.986	0.974	0.974
31	0.98	0.001	0.98	0.974	0.014	0.986	0.974	0.974
32	0.98	0.001	0.979	0.974	0.014	0.986	0.974	0.974
33	0.98	0.001	0.979	0.974	0.014	0.986	0.974	0.974
34	0.98	0	0.98	0.974	0.014	0.986	0.974	0.974
35	0.98	0.002	0.979	0.974	0.014	0.986	0.974	0.974
36	0.98	0.001	0.98	0.974	0.014	0.986	0.974	0.974
37	0.98	0.001	0.98	0.974	0.014	0.986	0.974	0.974
38	0.98	0.001	0.979	0.974	0.014	0.986	0.974	0.974
39	0.98	0.001	0.979	0.974	0.014	0.986	0.974	0.974
40	0.98	0.001	0.98	0.974	0.014	0.986	0.974	0.974
41	0.98	0.001	0.98	0.974	0.014	0.986	0.974	0.974
42	0.98	0	0.98	0.974	0.014	0.986	0.974	0.974
43	0.98	0.001	0.98	0.974	0.014	0.986	0.974	0.974
44	0.98	0	0.98	0.974	0.014	0.986	0.974	0.974
45	0.98	0.001	0.979	0.974	0.014	0.986	0.974	0.974
46	0.98	0.001	0.98	0.974	0.014	0.986	0.974	0.974
47	0.98	0	0.98	0.974	0.014	0.986	0.974	0.974
48	0.98	0.001	0.98	0.974	0.014	0.986	0.974	0.974
49	0.98	0.001	0.98	0.974	0.014	0.986	0.974	0.974
best individual: #c1: 57.01	#c2:12.22	#p1:74.31	#p2:105.15
evaluation: 
Correctly Classified Instances         216               98.1818 %
Incorrectly Classified Instances         4                1.8182 %
Kappa statistic                          0.96  
Total Cost                             138.4644
Average Cost                             0.6294
Mean absolute error                      0.0201
Root mean squared error                  0.1347
Relative absolute error                  4.408  %
Root relative squared error             28.2437 %
Total Number of Instances              220     

=== Detailed Accuracy By Class ===

               TP Rate   FP Rate   Precision   Recall  F-Measure   ROC Area  Class
                 0.986     0.026      0.986     0.986     0.986      0.974    cp
                 0.974     0.014      0.974     0.974     0.974      0.974    im
Weighted Avg.    0.982     0.022      0.982     0.982     0.982      0.974


elite_count=1
mutation_rate=0.5
selection_strategy=RouletteWheelSelection
dataset_path=/home/cloudera/decsb/in/02_ecoliCP_IM.arff
fitness_metric=LinTPTNMetric
crossover_points=4
selection_param=0.2
num_folds=4
population_count=20
number_of_generations=50
beta=0.5
cost_classifier=weka.classifiers.meta.CostSensitiveClassifier
use_reweight=false
base_classifier=weka.classifiers.trees.J48

	Fitness	SDev	Mean	TrueP	FalseP	TrueN	FMeas	Precision
0	0.98	0.004	0.979	0.974	0.014	0.986	0.974	0.974
1	0.98	0.001	0.979	0.974	0.014	0.986	0.974	0.974
2	0.98	0.001	0.98	0.974	0.014	0.986	0.974	0.974
3	0.98	0	0.98	0.974	0.014	0.986	0.974	0.974
4	0.98	0	0.98	0.974	0.014	0.986	0.974	0.974
5	0.98	0.001	0.98	0.974	0.014	0.986	0.974	0.974
6	0.98	0.001	0.98	0.974	0.014	0.986	0.974	0.974
7	0.98	0.001	0.98	0.974	0.014	0.986	0.974	0.974
8	0.98	0	0.98	0.974	0.014	0.986	0.974	0.974
9	0.98	0	0.98	0.974	0.014	0.986	0.974	0.974
10	0.98	0	0.98	0.974	0.014	0.986	0.974	0.974
11	0.98	0	0.98	0.974	0.014	0.986	0.974	0.974
12	0.98	0	0.98	0.974	0.014	0.986	0.974	0.974
13	0.98	0	0.98	0.974	0.014	0.986	0.974	0.974
14	0.98	0	0.98	0.974	0.014	0.986	0.974	0.974
15	0.98	0	0.98	0.974	0.014	0.986	0.974	0.974
16	0.98	0	0.98	0.974	0.014	0.986	0.974	0.974
17	0.98	0	0.98	0.974	0.014	0.986	0.974	0.974
18	0.98	0	0.98	0.974	0.014	0.986	0.974	0.974
19	0.98	0	0.98	0.974	0.014	0.986	0.974	0.974
20	0.98	0	0.98	0.974	0.014	0.986	0.974	0.974
21	0.98	0	0.98	0.974	0.014	0.986	0.974	0.974
22	0.98	0	0.98	0.974	0.014	0.986	0.974	0.974
23	0.98	0	0.98	0.974	0.014	0.986	0.974	0.974
24	0.98	0	0.98	0.974	0.014	0.986	0.974	0.974
25	0.98	0	0.98	0.974	0.014	0.986	0.974	0.974
26	0.98	0	0.98	0.974	0.014	0.986	0.974	0.974
27	0.98	0	0.98	0.974	0.014	0.986	0.974	0.974
28	0.98	0	0.98	0.974	0.014	0.986	0.974	0.974
29	0.98	0	0.98	0.974	0.014	0.986	0.974	0.974
30	0.98	0	0.98	0.974	0.014	0.986	0.974	0.974
31	0.98	0	0.98	0.974	0.014	0.986	0.974	0.974
32	0.98	0	0.98	0.974	0.014	0.986	0.974	0.974
33	0.98	0	0.98	0.974	0.014	0.986	0.974	0.974
34	0.98	0	0.98	0.974	0.014	0.986	0.974	0.974
35	0.98	0	0.98	0.974	0.014	0.986	0.974	0.974
36	0.98	0	0.98	0.974	0.014	0.986	0.974	0.974
37	0.98	0	0.98	0.974	0.014	0.986	0.974	0.974
38	0.98	0	0.98	0.974	0.014	0.986	0.974	0.974
39	0.98	0	0.98	0.974	0.014	0.986	0.974	0.974
40	0.98	0	0.98	0.974	0.014	0.986	0.974	0.974
41	0.98	0	0.98	0.974	0.014	0.986	0.974	0.974
42	0.98	0	0.98	0.974	0.014	0.986	0.974	0.974
43	0.98	0	0.98	0.974	0.014	0.986	0.974	0.974
44	0.98	0	0.98	0.974	0.014	0.986	0.974	0.974
45	0.98	0	0.98	0.974	0.014	0.986	0.974	0.974
46	0.98	0	0.98	0.974	0.014	0.986	0.974	0.974
47	0.98	0	0.98	0.974	0.014	0.986	0.974	0.974
48	0.98	0	0.98	0.974	0.014	0.986	0.974	0.974
49	0.98	0	0.98	0.974	0.014	0.986	0.974	0.974
best individual: #c1: 67.42	#c2:116.18	#p1:33.5	#p2:101.02
evaluation: 
Correctly Classified Instances         216               98.1818 %
Incorrectly Classified Instances         4                1.8182 %
Kappa statistic                          0.96  
Total Cost                             367.203 
Average Cost                             1.6691
Mean absolute error                      0.0331
Root mean squared error                  0.1352
Relative absolute error                  7.2668 %
Root relative squared error             28.3489 %
Total Number of Instances              220     

=== Detailed Accuracy By Class ===

               TP Rate   FP Rate   Precision   Recall  F-Measure   ROC Area  Class
                 0.986     0.026      0.986     0.986     0.986      0.974    cp
                 0.974     0.014      0.974     0.974     0.974      0.974    im
Weighted Avg.    0.982     0.022      0.982     0.982     0.982      0.974


elite_count=1
mutation_rate=0.5
selection_strategy=RouletteWheelSelection
dataset_path=/home/cloudera/decsb/in/02_ecoliCP_IM.arff
fitness_metric=BAccMetric
crossover_points=4
selection_param=0.2
num_folds=4
population_count=20
number_of_generations=50
beta=0.5
cost_classifier=weka.classifiers.meta.CostSensitiveClassifier
use_reweight=false
base_classifier=weka.classifiers.bayes.NaiveBayes

	Fitness	SDev	Mean	TrueP	FalseP	TrueN	FMeas	Precision
0	0.981	0.005	0.973	0.961	0	1	0.98	1
1	0.981	0.003	0.975	0.961	0	1	0.98	1
2	0.981	0.003	0.975	0.961	0	1	0.98	1
3	0.981	0.003	0.976	0.961	0	1	0.98	1
4	0.981	0.003	0.974	0.961	0	1	0.98	1
5	0.981	0.003	0.975	0.961	0	1	0.98	1
6	0.981	0.003	0.976	0.961	0	1	0.98	1
7	0.981	0.003	0.976	0.961	0	1	0.98	1
8	0.981	0.004	0.976	0.961	0	1	0.98	1
9	0.981	0.003	0.975	0.961	0	1	0.98	1
10	0.981	0.003	0.976	0.961	0	1	0.98	1
11	0.981	0.004	0.976	0.961	0	1	0.98	1
12	0.981	0.004	0.976	0.961	0	1	0.98	1
13	0.981	0.003	0.977	0.961	0	1	0.98	1
14	0.981	0.004	0.975	0.961	0	1	0.98	1
15	0.981	0.004	0.976	0.961	0	1	0.98	1
16	0.981	0.004	0.976	0.961	0	1	0.98	1
17	0.981	0.004	0.975	0.961	0	1	0.98	1
18	0.981	0.004	0.975	0.961	0	1	0.98	1
19	0.981	0.004	0.975	0.961	0	1	0.98	1
20	0.981	0.004	0.975	0.961	0	1	0.98	1
21	0.981	0.005	0.975	0.961	0	1	0.98	1
22	0.981	0.004	0.977	0.961	0	1	0.98	1
23	0.981	0.004	0.976	0.961	0	1	0.98	1
24	0.981	0.004	0.977	0.961	0	1	0.98	1
25	0.981	0.003	0.978	0.961	0	1	0.98	1
26	0.981	0.003	0.978	0.961	0	1	0.98	1
27	0.981	0.003	0.977	0.961	0	1	0.98	1
28	0.981	0.004	0.976	0.961	0	1	0.98	1
29	0.981	0.004	0.977	0.961	0	1	0.98	1
30	0.981	0.003	0.977	0.961	0	1	0.98	1
31	0.981	0.004	0.977	0.961	0	1	0.98	1
32	0.981	0.004	0.977	0.961	0	1	0.98	1
33	0.981	0.004	0.976	0.961	0	1	0.98	1
34	0.981	0.004	0.976	0.961	0	1	0.98	1
35	0.981	0.003	0.976	0.961	0	1	0.98	1
36	0.981	0.004	0.977	0.961	0	1	0.98	1
37	0.981	0.004	0.976	0.961	0	1	0.98	1
38	0.981	0.003	0.976	0.961	0	1	0.98	1
39	0.981	0.004	0.977	0.961	0	1	0.98	1
40	0.981	0.004	0.976	0.961	0	1	0.98	1
41	0.981	0.004	0.976	0.961	0	1	0.98	1
42	0.981	0.004	0.977	0.961	0	1	0.98	1
43	0.981	0.004	0.976	0.961	0	1	0.98	1
44	0.981	0.004	0.976	0.961	0	1	0.98	1
45	0.981	0.004	0.977	0.961	0	1	0.98	1
46	0.981	0.003	0.978	0.961	0	1	0.98	1
47	0.981	0.003	0.978	0.961	0	1	0.98	1
48	0.981	0.003	0.978	0.961	0	1	0.98	1
49	0.981	0.003	0.979	0.961	0	1	0.98	1
best individual: #c1: 119.89	#c2:42.13	#p1:113.17	#p2:21.8
evaluation: 
Correctly Classified Instances         217               98.6364 %
Incorrectly Classified Instances         3                1.3636 %
Kappa statistic                          0.9698
Total Cost                             126.3952
Average Cost                             0.5745
Mean absolute error                      0.0208
Root mean squared error                  0.1217
Relative absolute error                  4.5665 %
Root relative squared error             25.5216 %
Total Number of Instances              220     

=== Detailed Accuracy By Class ===

               TP Rate   FP Rate   Precision   Recall  F-Measure   ROC Area  Class
                 1         0.039      0.979     1         0.99       0.995    cp
                 0.961     0          1         0.961     0.98       0.995    im
Weighted Avg.    0.986     0.025      0.987     0.986     0.986      0.995


elite_count=1
mutation_rate=0.5
selection_strategy=RouletteWheelSelection
dataset_path=/home/cloudera/decsb/in/02_ecoliCP_IM.arff
fitness_metric=GMMetric
crossover_points=4
selection_param=0.2
num_folds=4
population_count=20
number_of_generations=50
beta=0.5
cost_classifier=weka.classifiers.meta.CostSensitiveClassifier
use_reweight=false
base_classifier=weka.classifiers.bayes.NaiveBayes

	Fitness	SDev	Mean	TrueP	FalseP	TrueN	FMeas	Precision
0	0.98	0.007	0.973	0.961	0	1	0.98	1
1	0.98	0.009	0.971	0.961	0	1	0.98	1
2	0.98	0.007	0.974	0.961	0	1	0.98	1
3	0.98	0.008	0.974	0.961	0	1	0.98	1
4	0.98	0.003	0.976	0.961	0	1	0.98	1
5	0.98	0.004	0.975	0.961	0	1	0.98	1
6	0.98	0.004	0.975	0.961	0	1	0.98	1
7	0.98	0.004	0.976	0.961	0	1	0.98	1
8	0.98	0.003	0.975	0.961	0	1	0.98	1
9	0.98	0.004	0.974	0.961	0	1	0.98	1
10	0.98	0.003	0.976	0.961	0	1	0.98	1
11	0.98	0.004	0.976	0.961	0	1	0.98	1
12	0.98	0.003	0.976	0.961	0	1	0.98	1
13	0.98	0.004	0.974	0.961	0	1	0.98	1
14	0.98	0.004	0.975	0.961	0	1	0.98	1
15	0.98	0.003	0.973	0.961	0	1	0.98	1
16	0.98	0.004	0.974	0.961	0	1	0.98	1
17	0.98	0.004	0.974	0.961	0	1	0.98	1
18	0.98	0.004	0.975	0.961	0	1	0.98	1
19	0.98	0.004	0.974	0.961	0	1	0.98	1
20	0.98	0.003	0.974	0.961	0	1	0.98	1
21	0.98	0.004	0.975	0.961	0	1	0.98	1
22	0.98	0.004	0.975	0.961	0	1	0.98	1
23	0.98	0.003	0.976	0.961	0	1	0.98	1
24	0.98	0.003	0.977	0.961	0	1	0.98	1
25	0.98	0.004	0.976	0.961	0	1	0.98	1
26	0.98	0.004	0.977	0.961	0	1	0.98	1
27	0.98	0.003	0.978	0.961	0	1	0.98	1
28	0.98	0.003	0.978	0.961	0	1	0.98	1
29	0.98	0.003	0.977	0.961	0	1	0.98	1
30	0.98	0.004	0.977	0.961	0	1	0.98	1
31	0.98	0.004	0.977	0.961	0	1	0.98	1
32	0.98	0.003	0.978	0.961	0	1	0.98	1
33	0.98	0.002	0.978	0.961	0	1	0.98	1
34	0.98	0.003	0.978	0.961	0	1	0.98	1
35	0.98	0.002	0.979	0.961	0	1	0.98	1
36	0.98	0.002	0.979	0.961	0	1	0.98	1
37	0.98	0.003	0.978	0.961	0	1	0.98	1
38	0.98	0.003	0.978	0.961	0	1	0.98	1
39	0.98	0.003	0.978	0.961	0	1	0.98	1
40	0.98	0.002	0.979	0.961	0	1	0.98	1
41	0.98	0.003	0.978	0.961	0	1	0.98	1
42	0.98	0.003	0.979	0.961	0	1	0.98	1
43	0.98	0.002	0.979	0.961	0	1	0.98	1
44	0.98	0.003	0.978	0.961	0	1	0.98	1
45	0.98	0.003	0.977	0.961	0	1	0.98	1
46	0.98	0.003	0.978	0.961	0	1	0.98	1
47	0.98	0.003	0.979	0.961	0	1	0.98	1
48	0.98	0.003	0.978	0.961	0	1	0.98	1
49	0.98	0.003	0.978	0.961	0	1	0.98	1
best individual: #c1: 40.19	#c2:19	#p1:113.29	#p2:85.83
evaluation: 
Correctly Classified Instances         217               98.6364 %
Incorrectly Classified Instances         3                1.3636 %
Kappa statistic                          0.9698
Total Cost                              56.9963
Average Cost                             0.2591
Mean absolute error                      0.0214
Root mean squared error                  0.122 
Relative absolute error                  4.7061 %
Root relative squared error             25.5662 %
Total Number of Instances              220     

=== Detailed Accuracy By Class ===

               TP Rate   FP Rate   Precision   Recall  F-Measure   ROC Area  Class
                 1         0.039      0.979     1         0.99       0.995    cp
                 0.961     0          1         0.961     0.98       0.995    im
Weighted Avg.    0.986     0.025      0.987     0.986     0.986      0.995


elite_count=1
mutation_rate=0.5
selection_strategy=RouletteWheelSelection
dataset_path=/home/cloudera/decsb/in/02_ecoliCP_IM.arff
fitness_metric=LinTPTNMetric
crossover_points=4
selection_param=0.2
num_folds=4
population_count=20
number_of_generations=50
beta=0.5
cost_classifier=weka.classifiers.meta.CostSensitiveClassifier
use_reweight=false
base_classifier=weka.classifiers.bayes.NaiveBayes

	Fitness	SDev	Mean	TrueP	FalseP	TrueN	FMeas	Precision
0	0.981	0.004	0.974	0.961	0	1	0.98	1
1	0.981	0.003	0.975	0.961	0	1	0.98	1
2	0.981	0.003	0.977	0.961	0	1	0.98	1
3	0.981	0.003	0.977	0.961	0	1	0.98	1
4	0.981	0.003	0.977	0.961	0	1	0.98	1
5	0.981	0.002	0.977	0.961	0	1	0.98	1
6	0.981	0.003	0.978	0.961	0	1	0.98	1
7	0.981	0.003	0.978	0.961	0	1	0.98	1
8	0.981	0.003	0.978	0.961	0	1	0.98	1
9	0.981	0.003	0.978	0.961	0	1	0.98	1
10	0.981	0.003	0.978	0.961	0	1	0.98	1
11	0.981	0.003	0.976	0.961	0	1	0.98	1
12	0.981	0.003	0.976	0.961	0	1	0.98	1
13	0.981	0.003	0.977	0.961	0	1	0.98	1
14	0.981	0.003	0.977	0.961	0	1	0.98	1
15	0.981	0.003	0.976	0.961	0	1	0.98	1
16	0.981	0.003	0.979	0.961	0	1	0.98	1
17	0.981	0.003	0.978	0.961	0	1	0.98	1
18	0.981	0.002	0.979	0.961	0	1	0.98	1
19	0.981	0.003	0.978	0.961	0	1	0.98	1
20	0.981	0.003	0.979	0.961	0	1	0.98	1
21	0.981	0.003	0.979	0.961	0	1	0.98	1
22	0.981	0.003	0.977	0.961	0	1	0.98	1
23	0.981	0.003	0.978	0.961	0	1	0.98	1
24	0.981	0.003	0.979	0.961	0	1	0.98	1
25	0.981	0.003	0.977	0.961	0	1	0.98	1
26	0.981	0.003	0.979	0.961	0	1	0.98	1
27	0.981	0.003	0.978	0.961	0	1	0.98	1
28	0.981	0.003	0.979	0.961	0	1	0.98	1
29	0.981	0.003	0.979	0.961	0	1	0.98	1
30	0.981	0.003	0.979	0.961	0	1	0.98	1
31	0.981	0.002	0.979	0.961	0	1	0.98	1
32	0.981	0.003	0.977	0.961	0	1	0.98	1
33	0.981	0.002	0.979	0.961	0	1	0.98	1
34	0.981	0.003	0.978	0.961	0	1	0.98	1
35	0.981	0.003	0.978	0.961	0	1	0.98	1
36	0.981	0.003	0.979	0.961	0	1	0.98	1
37	0.981	0.002	0.979	0.961	0	1	0.98	1
38	0.981	0.003	0.978	0.961	0	1	0.98	1
39	0.981	0.002	0.979	0.961	0	1	0.98	1
40	0.981	0.003	0.978	0.961	0	1	0.98	1
41	0.981	0.003	0.979	0.961	0	1	0.98	1
42	0.981	0.003	0.979	0.961	0	1	0.98	1
43	0.981	0.003	0.979	0.961	0	1	0.98	1
44	0.981	0.002	0.979	0.961	0	1	0.98	1
45	0.981	0.003	0.978	0.961	0	1	0.98	1
46	0.981	0.002	0.98	0.961	0	1	0.98	1
47	0.981	0.003	0.978	0.961	0	1	0.98	1
48	0.981	0.003	0.979	0.961	0	1	0.98	1
49	0.981	0.003	0.978	0.961	0	1	0.98	1
best individual: #c1: 112.87	#c2:51.59	#p1:76.76	#p2:95.05
evaluation: 
Correctly Classified Instances         217               98.6364 %
Incorrectly Classified Instances         3                1.3636 %
Kappa statistic                          0.9698
Total Cost                             154.7819
Average Cost                             0.7036
Mean absolute error                      0.0214
Root mean squared error                  0.1219
Relative absolute error                  4.6883 %
Root relative squared error             25.5535 %
Total Number of Instances              220     

=== Detailed Accuracy By Class ===

               TP Rate   FP Rate   Precision   Recall  F-Measure   ROC Area  Class
                 1         0.039      0.979     1         0.99       0.995    cp
                 0.961     0          1         0.961     0.98       0.995    im
Weighted Avg.    0.986     0.025      0.987     0.986     0.986      0.995


elite_count=1
mutation_rate=0.5
selection_strategy=RouletteWheelSelection
dataset_path=/home/cloudera/decsb/in/02_ecoliCP_IM.arff
fitness_metric=BAccMetric
crossover_points=4
selection_param=0.2
num_folds=4
population_count=20
number_of_generations=50
beta=0.5
cost_classifier=weka.classifiers.meta.CostSensitiveClassifier
use_reweight=false
base_classifier=weka.classifiers.meta.AdaBoostM1

	Fitness	SDev	Mean	TrueP	FalseP	TrueN	FMeas	Precision
0	0.987	0.229	0.813	0.974	0	1	0.987	1
1	0.987	0.221	0.837	0.974	0	1	0.987	1
2	0.987	0.172	0.909	0.974	0	1	0.987	1
3	0.987	0.004	0.983	0.974	0	1	0.987	1
4	0.987	0.003	0.981	0.974	0	1	0.987	1
5	0.987	0.004	0.983	0.974	0	1	0.987	1
6	0.987	0.004	0.982	0.974	0	1	0.987	1
7	0.987	0.004	0.983	0.974	0	1	0.987	1
8	0.987	0.005	0.982	0.974	0	1	0.987	1
9	0.987	0.004	0.983	0.974	0	1	0.987	1
10	0.987	0.004	0.983	0.974	0	1	0.987	1
11	0.987	0.004	0.982	0.974	0	1	0.987	1
12	0.987	0.004	0.983	0.974	0	1	0.987	1
13	0.987	0.004	0.982	0.974	0	1	0.987	1
14	0.987	0.004	0.983	0.974	0	1	0.987	1
15	0.987	0.004	0.982	0.974	0	1	0.987	1
16	0.987	0.004	0.983	0.974	0	1	0.987	1
17	0.987	0.004	0.981	0.974	0	1	0.987	1
18	0.987	0.004	0.983	0.974	0	1	0.987	1
19	0.987	0.004	0.984	0.974	0	1	0.987	1
20	0.987	0.003	0.983	0.974	0	1	0.987	1
21	0.987	0.004	0.982	0.974	0	1	0.987	1
22	0.987	0.004	0.981	0.974	0	1	0.987	1
23	0.987	0.003	0.982	0.974	0	1	0.987	1
24	0.987	0.004	0.983	0.974	0	1	0.987	1
25	0.987	0.003	0.983	0.974	0	1	0.987	1
26	0.987	0.004	0.983	0.974	0	1	0.987	1
27	0.987	0.004	0.982	0.974	0	1	0.987	1
28	0.987	0.004	0.984	0.974	0	1	0.987	1
29	0.987	0.004	0.983	0.974	0	1	0.987	1
30	0.987	0.003	0.982	0.974	0	1	0.987	1
31	0.987	0.004	0.983	0.974	0	1	0.987	1
32	0.987	0.004	0.983	0.974	0	1	0.987	1
33	0.987	0.003	0.982	0.974	0	1	0.987	1
34	0.987	0.004	0.982	0.974	0	1	0.987	1
35	0.987	0.003	0.984	0.974	0	1	0.987	1
36	0.987	0.004	0.982	0.974	0	1	0.987	1
37	0.987	0.003	0.982	0.974	0	1	0.987	1
38	0.987	0.004	0.984	0.974	0	1	0.987	1
39	0.987	0.004	0.982	0.974	0	1	0.987	1
40	0.987	0.004	0.982	0.974	0	1	0.987	1
41	0.987	0.004	0.983	0.974	0	1	0.987	1
42	0.987	0.003	0.983	0.974	0	1	0.987	1
43	0.987	0.005	0.982	0.974	0	1	0.987	1
44	0.987	0.004	0.982	0.974	0	1	0.987	1
45	0.987	0.004	0.982	0.974	0	1	0.987	1
46	0.987	0.004	0.981	0.974	0	1	0.987	1
47	0.987	0.004	0.983	0.974	0	1	0.987	1
48	0.987	0.004	0.983	0.974	0	1	0.987	1
49	0.987	0.004	0.981	0.974	0	1	0.987	1
best individual: #c1: 13.43	#c2:52.32	#p1:121.99	#p2:107.2
evaluation: 
Correctly Classified Instances         218               99.0909 %
Incorrectly Classified Instances         2                0.9091 %
Kappa statistic                          0.9799
Total Cost                             104.63  
Average Cost                             0.4756
Mean absolute error                      0.012 
Root mean squared error                  0.0985
Relative absolute error                  2.6364 %
Root relative squared error             20.6524 %
Total Number of Instances              220     

=== Detailed Accuracy By Class ===

               TP Rate   FP Rate   Precision   Recall  F-Measure   ROC Area  Class
                 1         0.026      0.986     1         0.993      0.988    cp
                 0.974     0          1         0.974     0.987      0.988    im
Weighted Avg.    0.991     0.017      0.991     0.991     0.991      0.988


elite_count=1
mutation_rate=0.5
selection_strategy=RouletteWheelSelection
dataset_path=/home/cloudera/decsb/in/02_ecoliCP_IM.arff
fitness_metric=GMMetric
crossover_points=4
selection_param=0.2
num_folds=4
population_count=20
number_of_generations=50
beta=0.5
cost_classifier=weka.classifiers.meta.CostSensitiveClassifier
use_reweight=false
base_classifier=weka.classifiers.meta.AdaBoostM1

	Fitness	SDev	Mean	TrueP	FalseP	TrueN	FMeas	Precision
0	0.987	0.479	0.586	0.974	0	1	0.987	1
1	0.987	0.294	0.883	0.974	0	1	0.987	1
2	0.987	0.214	0.932	0.974	0	1	0.987	1
3	0.987	0.214	0.932	0.974	0	1	0.987	1
4	0.987	0.214	0.933	0.974	0	1	0.987	1
5	0.987	0.295	0.884	0.974	0	1	0.987	1
6	0.987	0.003	0.981	0.974	0	1	0.987	1
7	0.987	0.294	0.883	0.974	0	1	0.987	1
8	0.987	0.002	0.981	0.974	0	1	0.987	1
9	0.987	0.003	0.982	0.974	0	1	0.987	1
10	0.987	0.002	0.981	0.974	0	1	0.987	1
11	0.987	0.003	0.981	0.974	0	1	0.987	1
12	0.987	0.003	0.981	0.974	0	1	0.987	1
13	0.987	0.003	0.982	0.974	0	1	0.987	1
14	0.987	0.004	0.982	0.974	0	1	0.987	1
15	0.987	0.003	0.981	0.974	0	1	0.987	1
16	0.987	0.002	0.98	0.974	0	1	0.987	1
17	0.987	0.003	0.981	0.974	0	1	0.987	1
18	0.987	0.002	0.98	0.974	0	1	0.987	1
19	0.987	0.003	0.982	0.974	0	1	0.987	1
20	0.987	0.003	0.982	0.974	0	1	0.987	1
