
elite_count=1
mutation_rate=0.5
selection_strategy=RouletteWheelSelection
dataset_path=/home/cloudera/decsb/in/08_vehicle_van_remainder_binary.arff
fitness_metric=BAccMetric
crossover_points=4
selection_param=0.2
num_folds=4
population_count=10
number_of_generations=50
beta=0.5
cost_classifier=weka.classifiers.meta.CostSensitiveClassifier
use_reweight=false
base_classifier=weka.classifiers.meta.AdaBoostM1

	Fitness	SDev	Mean	TrueP	FalseP	TrueN	FMeas	Precision
0	0.937	0.186	0.708	0.98	0.105	0.895	0.844	0.741
1	0.937	0.189	0.684	0.98	0.105	0.895	0.844	0.741
2	0.937	0.155	0.792	0.98	0.105	0.895	0.844	0.741
3	0.937	0.049	0.817	0.98	0.105	0.895	0.844	0.741
4	0.937	0.056	0.839	0.98	0.105	0.895	0.844	0.741
5	0.945	0.065	0.872	0.985	0.096	0.904	0.858	0.76
6	0.945	0.104	0.814	0.985	0.096	0.904	0.858	0.76
7	0.945	0.065	0.848	0.985	0.096	0.904	0.858	0.76
8	0.945	0.067	0.876	0.985	0.096	0.904	0.858	0.76
9	0.948	0.047	0.919	0.96	0.063	0.937	0.886	0.823
10	0.953	0.01	0.94	0.98	0.074	0.926	0.882	0.802
11	0.953	0.011	0.938	0.98	0.074	0.926	0.882	0.802
12	0.953	0.015	0.929	0.98	0.074	0.926	0.882	0.802
13	0.953	0.012	0.937	0.98	0.074	0.926	0.882	0.802
14	0.953	0.01	0.933	0.98	0.074	0.926	0.882	0.802
15	0.953	0.007	0.938	0.98	0.074	0.926	0.882	0.802
16	0.953	0.011	0.934	0.98	0.074	0.926	0.882	0.802
17	0.953	0.011	0.934	0.98	0.074	0.926	0.882	0.802
18	0.953	0.013	0.932	0.985	0.079	0.921	0.879	0.794
19	0.953	0.014	0.93	0.985	0.079	0.921	0.879	0.794
20	0.953	0.011	0.932	0.985	0.079	0.921	0.879	0.794
21	0.953	0.008	0.937	0.985	0.079	0.921	0.879	0.794
22	0.953	0.013	0.937	0.99	0.083	0.917	0.876	0.785
23	0.953	0.009	0.94	0.99	0.083	0.917	0.876	0.785
24	0.953	0.009	0.935	0.99	0.083	0.917	0.876	0.785
25	0.953	0.012	0.93	0.99	0.083	0.917	0.876	0.785
26	0.953	0.018	0.933	0.99	0.083	0.917	0.876	0.785
27	0.953	0.015	0.93	0.99	0.083	0.917	0.876	0.785
28	0.953	0.017	0.937	0.99	0.083	0.917	0.876	0.785
29	0.953	0.011	0.934	0.99	0.083	0.917	0.876	0.785
30	0.953	0.012	0.937	0.99	0.083	0.917	0.876	0.785
31	0.953	0.015	0.93	0.99	0.083	0.917	0.876	0.785
32	0.953	0.01	0.937	0.99	0.083	0.917	0.876	0.785
33	0.953	0.01	0.935	0.99	0.083	0.917	0.876	0.785
34	0.953	0.01	0.933	0.99	0.083	0.917	0.876	0.785
35	0.953	0.011	0.935	0.99	0.083	0.917	0.876	0.785
36	0.953	0.007	0.937	0.99	0.083	0.917	0.876	0.785
37	0.953	0.008	0.937	0.99	0.083	0.917	0.876	0.785
38	0.953	0.009	0.936	0.99	0.083	0.917	0.876	0.785
39	0.953	0.013	0.931	0.99	0.083	0.917	0.876	0.785
40	0.953	0.011	0.937	0.99	0.083	0.917	0.876	0.785
41	0.953	0.008	0.936	0.99	0.083	0.917	0.876	0.785
42	0.953	0.01	0.934	0.99	0.083	0.917	0.876	0.785
43	0.953	0.012	0.935	0.99	0.083	0.917	0.876	0.785
44	0.953	0.016	0.937	0.99	0.083	0.917	0.876	0.785
45	0.953	0.014	0.938	0.99	0.083	0.917	0.876	0.785
46	0.953	0.015	0.934	0.99	0.083	0.917	0.876	0.785
47	0.953	0.01	0.937	0.99	0.083	0.917	0.876	0.785
48	0.953	0.014	0.931	0.99	0.083	0.917	0.876	0.785
49	0.953	0.019	0.931	0.99	0.083	0.917	0.876	0.785
best individual: #c1: 73.78	#c2:29.68	#p1:88.53	#p2:89.05
evaluation: 
Correctly Classified Instances         790               93.3806 %
Incorrectly Classified Instances        56                6.6194 %
Kappa statistic                          0.8313
Total Cost                            1750.0978
Average Cost                             2.0687
Mean absolute error                      0.1129
Root mean squared error                  0.2286
Relative absolute error                 31.3409 %
Root relative squared error             53.8901 %
Total Number of Instances              846     

=== Detailed Accuracy By Class ===

               TP Rate   FP Rate   Precision   Recall  F-Measure   ROC Area  Class
                 0.99      0.083      0.785     0.99      0.876      0.982    van
                 0.917     0.01       0.997     0.917     0.955      0.982    remainder
Weighted Avg.    0.934     0.027      0.947     0.934     0.936      0.982


elite_count=1
mutation_rate=0.5
selection_strategy=RouletteWheelSelection
dataset_path=/home/cloudera/decsb/in/08_vehicle_van_remainder_binary.arff
fitness_metric=GMMetric
crossover_points=4
selection_param=0.2
num_folds=4
population_count=10
number_of_generations=50
beta=0.5
cost_classifier=weka.classifiers.meta.CostSensitiveClassifier
use_reweight=false
base_classifier=weka.classifiers.meta.AdaBoostM1

	Fitness	SDev	Mean	TrueP	FalseP	TrueN	FMeas	Precision
0	0.907	0.425	0.424	0.849	0.031	0.969	0.871	0.894
1	0.907	0.179	0.794	0.849	0.031	0.969	0.871	0.894
2	0.907	0.066	0.828	0.849	0.031	0.969	0.871	0.894
3	0.907	0.132	0.777	0.849	0.031	0.969	0.871	0.894
4	0.927	0.107	0.83	0.985	0.127	0.873	0.822	0.705
5	0.939	0.062	0.852	0.935	0.057	0.943	0.882	0.834
6	0.939	0.085	0.827	0.935	0.057	0.943	0.882	0.834
7	0.939	0.105	0.816	0.935	0.057	0.943	0.882	0.834
8	0.939	0.113	0.796	0.935	0.057	0.943	0.882	0.834
9	0.939	0.095	0.855	0.935	0.057	0.943	0.882	0.834
10	0.939	0.098	0.805	0.935	0.057	0.943	0.882	0.834
11	0.939	0.146	0.807	0.935	0.057	0.943	0.882	0.834
12	0.939	0.139	0.792	0.935	0.057	0.943	0.882	0.834
13	0.939	0.121	0.812	0.935	0.057	0.943	0.882	0.834
14	0.939	0.115	0.829	0.935	0.057	0.943	0.882	0.834
15	0.939	0.105	0.852	0.935	0.057	0.943	0.882	0.834
16	0.939	0.032	0.87	0.935	0.057	0.943	0.882	0.834
17	0.939	0.053	0.873	0.935	0.057	0.943	0.882	0.834
18	0.939	0.109	0.838	0.935	0.057	0.943	0.882	0.834
19	0.939	0.119	0.867	0.935	0.057	0.943	0.882	0.834
20	0.939	0.023	0.888	0.935	0.057	0.943	0.882	0.834
21	0.939	0.033	0.879	0.935	0.057	0.943	0.882	0.834
22	0.939	0.051	0.873	0.935	0.057	0.943	0.882	0.834
23	0.939	0.032	0.897	0.935	0.057	0.943	0.882	0.834
24	0.939	0.035	0.886	0.935	0.057	0.943	0.882	0.834
25	0.939	0.029	0.9	0.935	0.057	0.943	0.882	0.834
26	0.947	0.031	0.901	0.975	0.08	0.92	0.872	0.789
27	0.947	0.027	0.9	0.975	0.08	0.92	0.872	0.789
28	0.947	0.044	0.878	0.975	0.08	0.92	0.872	0.789
29	0.947	0.032	0.887	0.975	0.08	0.92	0.872	0.789
30	0.947	0.028	0.893	0.975	0.08	0.92	0.872	0.789
31	0.947	0.037	0.886	0.975	0.08	0.92	0.872	0.789
32	0.947	0.039	0.878	0.975	0.08	0.92	0.872	0.789
33	0.947	0.025	0.903	0.975	0.08	0.92	0.872	0.789
34	0.947	0.018	0.907	0.975	0.08	0.92	0.872	0.789
35	0.947	0.041	0.894	0.975	0.08	0.92	0.872	0.789
36	0.947	0.038	0.893	0.975	0.08	0.92	0.872	0.789
37	0.947	0.03	0.902	0.975	0.08	0.92	0.872	0.789
38	0.947	0.031	0.897	0.975	0.08	0.92	0.872	0.789
39	0.947	0.034	0.89	0.975	0.08	0.92	0.872	0.789
40	0.947	0.018	0.906	0.975	0.08	0.92	0.872	0.789
41	0.947	0.035	0.886	0.975	0.08	0.92	0.872	0.789
42	0.947	0.027	0.898	0.975	0.08	0.92	0.872	0.789
43	0.947	0.025	0.903	0.975	0.08	0.92	0.872	0.789
44	0.947	0.039	0.892	0.975	0.08	0.92	0.872	0.789
45	0.947	0.025	0.902	0.975	0.08	0.92	0.872	0.789
46	0.947	0.046	0.874	0.975	0.08	0.92	0.872	0.789
47	0.947	0.052	0.872	0.975	0.08	0.92	0.872	0.789
48	0.947	0.035	0.899	0.975	0.08	0.92	0.872	0.789
49	0.947	0.04	0.891	0.975	0.08	0.92	0.872	0.789
best individual: #c1: 120.16	#c2:66.3	#p1:119.77	#p2:75.84
evaluation: 
Correctly Classified Instances         789               93.2624 %
Incorrectly Classified Instances        57                6.7376 %
Kappa statistic                          0.8269
Total Cost                            4048.6047
Average Cost                             4.7856
Mean absolute error                      0.1255
Root mean squared error                  0.2392
Relative absolute error                 34.8256 %
Root relative squared error             56.3959 %
Total Number of Instances              846     

=== Detailed Accuracy By Class ===

               TP Rate   FP Rate   Precision   Recall  F-Measure   ROC Area  Class
                 0.975     0.08       0.789     0.975     0.872      0.973    van
                 0.92      0.025      0.992     0.92      0.954      0.973    remainder
Weighted Avg.    0.933     0.038      0.944     0.933     0.935      0.973


elite_count=1
mutation_rate=0.5
selection_strategy=RouletteWheelSelection
dataset_path=/home/cloudera/decsb/in/08_vehicle_van_remainder_binary.arff
fitness_metric=LinTPTNMetric
crossover_points=4
selection_param=0.2
num_folds=4
population_count=10
number_of_generations=50
beta=0.5
cost_classifier=weka.classifiers.meta.CostSensitiveClassifier
use_reweight=false
base_classifier=weka.classifiers.meta.AdaBoostM1

	Fitness	SDev	Mean	TrueP	FalseP	TrueN	FMeas	Precision
0	0.877	0.155	0.66	0.794	0.04	0.96	0.825	0.859
1	0.891	0.165	0.712	0.824	0.042	0.958	0.841	0.859
2	0.939	0.184	0.772	0.96	0.082	0.918	0.862	0.783
3	0.939	0.184	0.724	0.96	0.082	0.918	0.862	0.783
4	0.939	0.091	0.835	0.96	0.082	0.918	0.862	0.783
5	0.939	0.137	0.811	0.96	0.082	0.918	0.862	0.783
6	0.939	0.085	0.846	0.96	0.082	0.918	0.862	0.783
7	0.939	0.126	0.824	0.96	0.082	0.918	0.862	0.783
8	0.939	0.102	0.847	0.96	0.082	0.918	0.862	0.783
9	0.939	0.112	0.832	0.96	0.082	0.918	0.862	0.783
10	0.941	0.028	0.898	0.965	0.083	0.917	0.863	0.78
11	0.941	0.025	0.906	0.965	0.083	0.917	0.863	0.78
12	0.941	0.027	0.887	0.965	0.083	0.917	0.863	0.78
13	0.941	0.036	0.896	0.965	0.083	0.917	0.863	0.78
14	0.941	0.026	0.883	0.965	0.083	0.917	0.863	0.78
15	0.941	0.02	0.899	0.965	0.083	0.917	0.863	0.78
16	0.941	0.036	0.89	0.965	0.083	0.917	0.863	0.78
17	0.941	0.036	0.883	0.965	0.083	0.917	0.863	0.78
18	0.941	0.037	0.892	0.965	0.083	0.917	0.863	0.78
19	0.941	0.019	0.905	0.965	0.083	0.917	0.863	0.78
20	0.941	0.033	0.894	0.965	0.083	0.917	0.863	0.78
21	0.941	0.039	0.878	0.965	0.083	0.917	0.863	0.78
22	0.941	0.045	0.894	0.965	0.083	0.917	0.863	0.78
23	0.941	0.043	0.897	0.965	0.083	0.917	0.863	0.78
24	0.941	0.035	0.901	0.965	0.083	0.917	0.863	0.78
25	0.941	0.033	0.892	0.965	0.083	0.917	0.863	0.78
26	0.941	0.025	0.903	0.965	0.083	0.917	0.863	0.78
27	0.941	0.038	0.879	0.965	0.083	0.917	0.863	0.78
28	0.941	0.022	0.906	0.965	0.083	0.917	0.863	0.78
29	0.941	0.026	0.893	0.965	0.083	0.917	0.863	0.78
30	0.941	0.03	0.897	0.965	0.083	0.917	0.863	0.78
31	0.941	0.033	0.898	0.965	0.083	0.917	0.863	0.78
32	0.948	0.037	0.9	0.965	0.07	0.93	0.881	0.81
33	0.948	0.038	0.88	0.965	0.07	0.93	0.881	0.81
34	0.948	0.021	0.909	0.965	0.07	0.93	0.881	0.81
35	0.948	0.025	0.898	0.965	0.07	0.93	0.881	0.81
36	0.948	0.032	0.896	0.965	0.07	0.93	0.881	0.81
37	0.948	0.052	0.887	0.965	0.07	0.93	0.881	0.81
38	0.948	0.019	0.91	0.965	0.07	0.93	0.881	0.81
39	0.948	0.03	0.885	0.965	0.07	0.93	0.881	0.81
40	0.948	0.032	0.907	0.965	0.07	0.93	0.881	0.81
41	0.948	0.039	0.899	0.965	0.07	0.93	0.881	0.81
42	0.948	0.03	0.899	0.965	0.07	0.93	0.881	0.81
43	0.948	0.047	0.886	0.965	0.07	0.93	0.881	0.81
44	0.948	0.015	0.91	0.965	0.07	0.93	0.881	0.81
45	0.948	0.034	0.89	0.965	0.07	0.93	0.881	0.81
46	0.948	0.023	0.904	0.965	0.07	0.93	0.881	0.81
47	0.948	0.049	0.886	0.965	0.07	0.93	0.881	0.81
48	0.948	0.029	0.896	0.965	0.07	0.93	0.881	0.81
49	0.948	0.032	0.902	0.965	0.07	0.93	0.881	0.81
best individual: #c1: 125.62	#c2:68.43	#p1:124.38	#p2:115.71
evaluation: 
Correctly Classified Instances         794               93.8534 %
Incorrectly Classified Instances        52                6.1466 %
Kappa statistic                          0.8398
Total Cost                            3958.7385
Average Cost                             4.6794
Mean absolute error                      0.0983
Root mean squared error                  0.2121
Relative absolute error                 27.2784 %
Root relative squared error             50.0006 %
Total Number of Instances              846     

=== Detailed Accuracy By Class ===

               TP Rate   FP Rate   Precision   Recall  F-Measure   ROC Area  Class
                 0.965     0.07       0.81      0.965     0.881      0.984    van
                 0.93      0.035      0.989     0.93      0.959      0.984    remainder
Weighted Avg.    0.939     0.043      0.947     0.939     0.94       0.984


elite_count=1
mutation_rate=0.5
selection_strategy=RouletteWheelSelection
dataset_path=/home/cloudera/decsb/in/08_vehicle_van_remainder_binary.arff
fitness_metric=BAccMetric
crossover_points=4
selection_param=0.2
num_folds=4
population_count=20
number_of_generations=50
beta=0.5
cost_classifier=weka.classifiers.meta.CostSensitiveClassifier
use_reweight=false
base_classifier=weka.classifiers.meta.AdaBoostM1

	Fitness	SDev	Mean	TrueP	FalseP	TrueN	FMeas	Precision
0	0.881	0.152	0.623	0.809	0.046	0.954	0.826	0.843
1	0.917	0.134	0.722	0.874	0.04	0.96	0.872	0.87
2	0.917	0.116	0.761	0.874	0.04	0.96	0.872	0.87
3	0.917	0.1	0.752	0.874	0.04	0.96	0.872	0.87
4	0.917	0.117	0.724	0.874	0.04	0.96	0.872	0.87
5	0.918	0.105	0.757	0.889	0.054	0.946	0.861	0.835
6	0.918	0.102	0.766	0.889	0.054	0.946	0.861	0.835
7	0.921	0.101	0.784	0.894	0.053	0.947	0.866	0.84
8	0.922	0.092	0.813	0.884	0.04	0.96	0.878	0.871
9	0.922	0.099	0.775	0.884	0.04	0.96	0.878	0.871
10	0.935	0.097	0.833	0.92	0.049	0.951	0.884	0.851
11	0.935	0.084	0.833	0.92	0.049	0.951	0.884	0.851
12	0.935	0.096	0.822	0.92	0.049	0.951	0.884	0.851
13	0.935	0.108	0.809	0.92	0.049	0.951	0.884	0.851
14	0.935	0.091	0.795	0.92	0.049	0.951	0.884	0.851
15	0.935	0.136	0.782	0.92	0.049	0.951	0.884	0.851
16	0.935	0.07	0.865	0.92	0.049	0.951	0.884	0.851
17	0.942	0.073	0.871	0.94	0.056	0.944	0.886	0.839
18	0.947	0.048	0.891	0.97	0.076	0.924	0.875	0.798
19	0.947	0.033	0.881	0.97	0.076	0.924	0.875	0.798
20	0.947	0.028	0.894	0.97	0.076	0.924	0.875	0.798
21	0.947	0.031	0.886	0.97	0.076	0.924	0.875	0.798
22	0.947	0.036	0.898	0.97	0.076	0.924	0.875	0.798
23	0.947	0.03	0.891	0.97	0.076	0.924	0.875	0.798
24	0.947	0.025	0.904	0.97	0.076	0.924	0.875	0.798
25	0.947	0.032	0.885	0.97	0.076	0.924	0.875	0.798
26	0.948	0.033	0.892	0.965	0.07	0.93	0.881	0.81
27	0.948	0.026	0.896	0.965	0.07	0.93	0.881	0.81
28	0.948	0.029	0.901	0.965	0.07	0.93	0.881	0.81
29	0.948	0.033	0.888	0.965	0.07	0.93	0.881	0.81
30	0.948	0.028	0.902	0.965	0.07	0.93	0.881	0.81
31	0.948	0.031	0.895	0.965	0.07	0.93	0.881	0.81
32	0.948	0.033	0.889	0.965	0.07	0.93	0.881	0.81
33	0.948	0.028	0.893	0.965	0.07	0.93	0.881	0.81
34	0.948	0.027	0.89	0.965	0.07	0.93	0.881	0.81
35	0.948	0.026	0.901	0.965	0.07	0.93	0.881	0.81
36	0.948	0.031	0.894	0.965	0.07	0.93	0.881	0.81
37	0.948	0.038	0.892	0.965	0.07	0.93	0.881	0.81
38	0.948	0.028	0.893	0.965	0.07	0.93	0.881	0.81
39	0.948	0.033	0.891	0.965	0.07	0.93	0.881	0.81
40	0.948	0.028	0.906	0.965	0.07	0.93	0.881	0.81
41	0.948	0.026	0.894	0.965	0.07	0.93	0.881	0.81
42	0.948	0.034	0.9	0.965	0.07	0.93	0.881	0.81
43	0.948	0.02	0.905	0.965	0.07	0.93	0.881	0.81
44	0.948	0.029	0.905	0.965	0.07	0.93	0.881	0.81
45	0.948	0.024	0.905	0.965	0.07	0.93	0.881	0.81
46	0.948	0.027	0.903	0.965	0.07	0.93	0.881	0.81
47	0.951	0.03	0.897	0.96	0.059	0.941	0.893	0.834
48	0.951	0.032	0.899	0.96	0.059	0.941	0.893	0.834
49	0.951	0.023	0.902	0.96	0.059	0.941	0.893	0.834
best individual: #c1: 126.15	#c2:100.99	#p1:95.85	#p2:116.42
evaluation: 
Correctly Classified Instances         800               94.5626 %
Incorrectly Classified Instances        46                5.4374 %
Kappa statistic                          0.8564
Total Cost                            4846.9799
Average Cost                             5.7293
Mean absolute error                      0.0938
Root mean squared error                  0.2052
Relative absolute error                 26.0429 %
Root relative squared error             48.3797 %
Total Number of Instances              846     

=== Detailed Accuracy By Class ===

               TP Rate   FP Rate   Precision   Recall  F-Measure   ROC Area  Class
                 0.96      0.059      0.834     0.96      0.893      0.985    van
                 0.941     0.04       0.987     0.941     0.964      0.985    remainder
Weighted Avg.    0.946     0.045      0.951     0.946     0.947      0.985


elite_count=1
mutation_rate=0.5
selection_strategy=RouletteWheelSelection
dataset_path=/home/cloudera/decsb/in/08_vehicle_van_remainder_binary.arff
fitness_metric=GMMetric
crossover_points=4
selection_param=0.2
num_folds=4
population_count=20
number_of_generations=50
beta=0.5
cost_classifier=weka.classifiers.meta.CostSensitiveClassifier
use_reweight=false
base_classifier=weka.classifiers.meta.AdaBoostM1

	Fitness	SDev	Mean	TrueP	FalseP	TrueN	FMeas	Precision
0	0.948	0.398	0.415	0.98	0.082	0.918	0.872	0.786
1	0.948	0.33	0.709	0.98	0.082	0.918	0.872	0.786
2	0.948	0.076	0.881	0.98	0.082	0.918	0.872	0.786
3	0.948	0.146	0.852	0.98	0.082	0.918	0.872	0.786
4	0.948	0.095	0.883	0.98	0.082	0.918	0.872	0.786
5	0.948	0.021	0.915	0.98	0.082	0.918	0.872	0.786
6	0.948	0.031	0.916	0.98	0.082	0.918	0.872	0.786
7	0.954	0.024	0.92	0.985	0.076	0.924	0.883	0.8
8	0.954	0.04	0.911	0.985	0.076	0.924	0.883	0.8
9	0.954	0.021	0.921	0.985	0.076	0.924	0.883	0.8
10	0.954	0.018	0.929	0.985	0.076	0.924	0.883	0.8
11	0.954	0.027	0.924	0.985	0.076	0.924	0.883	0.8
12	0.954	0.023	0.928	0.985	0.076	0.924	0.883	0.8
13	0.954	0.015	0.927	0.985	0.076	0.924	0.883	0.8
14	0.954	0.016	0.927	0.985	0.076	0.924	0.883	0.8
15	0.954	0.016	0.933	0.985	0.076	0.924	0.883	0.8
16	0.957	0.016	0.935	0.985	0.07	0.93	0.891	0.813
17	0.957	0.009	0.932	0.985	0.07	0.93	0.891	0.813
18	0.957	0.013	0.935	0.985	0.07	0.93	0.891	0.813
19	0.957	0.016	0.928	0.985	0.07	0.93	0.891	0.813
20	0.957	0.015	0.929	0.985	0.07	0.93	0.891	0.813
21	0.957	0.014	0.933	0.985	0.07	0.93	0.891	0.813
22	0.957	0.023	0.931	0.985	0.07	0.93	0.891	0.813
23	0.957	0.013	0.933	0.985	0.07	0.93	0.891	0.813
24	0.957	0.009	0.939	0.985	0.07	0.93	0.891	0.813
25	0.957	0.023	0.929	0.985	0.07	0.93	0.891	0.813
26	0.957	0.011	0.937	0.985	0.07	0.93	0.891	0.813
27	0.957	0.011	0.936	0.985	0.07	0.93	0.891	0.813
28	0.957	0.013	0.934	0.985	0.07	0.93	0.891	0.813
29	0.957	0.022	0.926	0.985	0.07	0.93	0.891	0.813
30	0.957	0.008	0.935	0.985	0.07	0.93	0.891	0.813
31	0.957	0.01	0.936	0.985	0.07	0.93	0.891	0.813
32	0.957	0.013	0.93	0.985	0.07	0.93	0.891	0.813
33	0.957	0.013	0.932	0.985	0.07	0.93	0.891	0.813
34	0.957	0.012	0.933	0.985	0.07	0.93	0.891	0.813
35	0.957	0.01	0.936	0.985	0.07	0.93	0.891	0.813
36	0.957	0.014	0.933	0.985	0.07	0.93	0.891	0.813
37	0.957	0.018	0.93	0.985	0.07	0.93	0.891	0.813
38	0.957	0.012	0.934	0.985	0.07	0.93	0.891	0.813
39	0.957	0.019	0.925	0.985	0.07	0.93	0.891	0.813
40	0.957	0.013	0.935	0.985	0.07	0.93	0.891	0.813
41	0.957	0.018	0.932	0.99	0.074	0.926	0.887	0.804
42	0.957	0.011	0.936	0.99	0.074	0.926	0.887	0.804
43	0.957	0.01	0.934	0.99	0.074	0.926	0.887	0.804
44	0.957	0.012	0.935	0.99	0.074	0.926	0.887	0.804
45	0.957	0.011	0.935	0.99	0.074	0.926	0.887	0.804
46	0.957	0.017	0.93	0.99	0.074	0.926	0.887	0.804
47	0.957	0.012	0.935	0.99	0.074	0.926	0.887	0.804
48	0.957	0.012	0.935	0.99	0.074	0.926	0.887	0.804
49	0.957	0.016	0.928	0.99	0.074	0.926	0.887	0.804
best individual: #c1: 20.47	#c2:5.29	#p1:115.78	#p2:120.18
evaluation: 
Correctly Classified Instances         796               94.0898 %
Incorrectly Classified Instances        50                5.9102 %
Kappa statistic                          0.8479
Total Cost                             294.6297
Average Cost                             0.3483
Mean absolute error                      0.0991
Root mean squared error                  0.2222
Relative absolute error                 27.5085 %
Root relative squared error             52.3935 %
Total Number of Instances              846     

=== Detailed Accuracy By Class ===

               TP Rate   FP Rate   Precision   Recall  F-Measure   ROC Area  Class
                 0.99      0.074      0.804     0.99      0.887      0.986    van
                 0.926     0.01       0.997     0.926     0.96       0.986    remainder
Weighted Avg.    0.941     0.025      0.951     0.941     0.943      0.986


elite_count=1
mutation_rate=0.5
selection_strategy=RouletteWheelSelection
dataset_path=/home/cloudera/decsb/in/08_vehicle_van_remainder_binary.arff
fitness_metric=LinTPTNMetric
crossover_points=4
selection_param=0.2
num_folds=4
population_count=20
number_of_generations=50
beta=0.5
cost_classifier=weka.classifiers.meta.CostSensitiveClassifier
use_reweight=false
base_classifier=weka.classifiers.meta.AdaBoostM1

	Fitness	SDev	Mean	TrueP	FalseP	TrueN	FMeas	Precision
0	0.944	0.198	0.719	0.98	0.091	0.909	0.861	0.768
1	0.944	0.164	0.828	0.98	0.091	0.909	0.861	0.768
2	0.951	0.096	0.889	0.985	0.083	0.917	0.873	0.784
3	0.951	0.087	0.883	0.985	0.083	0.917	0.873	0.784
4	0.951	0.152	0.845	0.985	0.083	0.917	0.873	0.784
5	0.951	0.094	0.897	0.985	0.083	0.917	0.873	0.784
6	0.955	0.063	0.904	0.965	0.056	0.944	0.899	0.842
7	0.955	0.085	0.901	0.965	0.056	0.944	0.899	0.842
8	0.955	0.025	0.913	0.965	0.056	0.944	0.899	0.842
9	0.955	0.035	0.908	0.965	0.056	0.944	0.899	0.842
10	0.955	0.032	0.908	0.965	0.056	0.944	0.899	0.842
11	0.955	0.026	0.915	0.965	0.056	0.944	0.899	0.842
12	0.955	0.022	0.915	0.965	0.056	0.944	0.899	0.842
13	0.955	0.044	0.914	0.965	0.056	0.944	0.899	0.842
14	0.955	0.033	0.903	0.965	0.056	0.944	0.899	0.842
15	0.955	0.042	0.89	0.965	0.056	0.944	0.899	0.842
16	0.955	0.069	0.878	0.965	0.056	0.944	0.899	0.842
17	0.955	0.025	0.916	0.965	0.056	0.944	0.899	0.842
18	0.955	0.031	0.912	0.965	0.056	0.944	0.899	0.842
19	0.955	0.045	0.906	0.965	0.056	0.944	0.899	0.842
20	0.955	0.03	0.914	0.965	0.056	0.944	0.899	0.842
21	0.955	0.027	0.919	0.965	0.056	0.944	0.899	0.842
22	0.955	0.035	0.908	0.965	0.056	0.944	0.899	0.842
23	0.955	0.035	0.919	0.965	0.056	0.944	0.899	0.842
24	0.955	0.037	0.918	0.965	0.056	0.944	0.899	0.842
25	0.955	0.027	0.924	0.965	0.056	0.944	0.899	0.842
26	0.955	0.026	0.923	0.965	0.056	0.944	0.899	0.842
27	0.955	0.023	0.927	0.965	0.056	0.944	0.899	0.842
28	0.955	0.017	0.93	0.965	0.056	0.944	0.899	0.842
29	0.955	0.018	0.931	0.965	0.056	0.944	0.899	0.842
30	0.955	0.016	0.926	0.965	0.056	0.944	0.899	0.842
31	0.955	0.02	0.928	0.965	0.056	0.944	0.899	0.842
32	0.955	0.023	0.921	0.965	0.056	0.944	0.899	0.842
33	0.955	0.015	0.93	0.965	0.056	0.944	0.899	0.842
34	0.955	0.022	0.925	0.965	0.056	0.944	0.899	0.842
35	0.955	0.014	0.931	0.965	0.056	0.944	0.899	0.842
36	0.955	0.017	0.931	0.965	0.056	0.944	0.899	0.842
37	0.955	0.02	0.929	0.965	0.056	0.944	0.899	0.842
38	0.955	0.013	0.933	0.965	0.056	0.944	0.899	0.842
39	0.955	0.015	0.926	0.965	0.056	0.944	0.899	0.842
40	0.955	0.014	0.931	0.965	0.056	0.944	0.899	0.842
41	0.955	0.013	0.927	0.965	0.056	0.944	0.899	0.842
42	0.955	0.016	0.928	0.965	0.056	0.944	0.899	0.842
43	0.955	0.012	0.932	0.965	0.056	0.944	0.899	0.842
44	0.957	0.017	0.935	0.975	0.062	0.938	0.896	0.829
45	0.957	0.019	0.923	0.975	0.062	0.938	0.896	0.829
46	0.957	0.028	0.928	0.975	0.062	0.938	0.896	0.829
47	0.957	0.015	0.93	0.975	0.062	0.938	0.896	0.829
48	0.957	0.012	0.933	0.975	0.062	0.938	0.896	0.829
49	0.957	0.014	0.929	0.975	0.062	0.938	0.896	0.829
best individual: #c1: 115.21	#c2:49.5	#p1:102.49	#p2:124.08
evaluation: 
Correctly Classified Instances         801               94.6809 %
Incorrectly Classified Instances        45                5.3191 %
Kappa statistic                          0.8606
Total Cost                            2556.2356
Average Cost                             3.0216
Mean absolute error                      0.0943
Root mean squared error                  0.213 
Relative absolute error                 26.1863 %
Root relative squared error             50.213  %
Total Number of Instances              846     

=== Detailed Accuracy By Class ===

               TP Rate   FP Rate   Precision   Recall  F-Measure   ROC Area  Class
                 0.975     0.062      0.829     0.975     0.896      0.986    van
                 0.938     0.025      0.992     0.938     0.964      0.986    remainder
Weighted Avg.    0.947     0.034      0.954     0.947     0.948      0.986


elite_count=1
mutation_rate=0.5
selection_strategy=RouletteWheelSelection
dataset_path=/home/cloudera/decsb/in/08_vehicle_van_remainder_binary.arff
fitness_metric=BAccMetric
crossover_points=4
selection_param=0.2
num_folds=4
population_count=30
number_of_generations=50
beta=0.5
cost_classifier=weka.classifiers.meta.CostSensitiveClassifier
use_reweight=false
base_classifier=weka.classifiers.meta.AdaBoostM1

	Fitness	SDev	Mean	TrueP	FalseP	TrueN	FMeas	Precision
0	0.927	0.185	0.682	0.985	0.131	0.869	0.817	0.698
1	0.927	0.184	0.641	0.985	0.131	0.869	0.817	0.698
2	0.928	0.182	0.68	0.985	0.13	0.87	0.818	0.7
3	0.932	0.193	0.76	0.97	0.105	0.895	0.839	0.739
4	0.937	0.19	0.763	0.99	0.116	0.884	0.837	0.724
5	0.939	0.126	0.871	0.985	0.107	0.893	0.845	0.74
6	0.947	0.083	0.892	0.99	0.096	0.904	0.86	0.761
7	0.952	0.038	0.916	0.975	0.071	0.929	0.884	0.808
8	0.952	0.043	0.915	0.975	0.071	0.929	0.884	0.808
9	0.952	0.023	0.918	0.975	0.071	0.929	0.884	0.808
10	0.952	0.021	0.922	0.975	0.071	0.929	0.884	0.808
11	0.952	0.011	0.929	0.975	0.071	0.929	0.884	0.808
12	0.952	0.06	0.917	0.975	0.071	0.929	0.884	0.808
13	0.955	0.015	0.929	0.985	0.074	0.926	0.885	0.803
14	0.955	0.039	0.919	0.985	0.074	0.926	0.885	0.803
15	0.955	0.021	0.929	0.985	0.074	0.926	0.885	0.803
16	0.955	0.015	0.926	0.985	0.074	0.926	0.885	0.803
17	0.956	0.036	0.923	0.98	0.068	0.932	0.89	0.816
18	0.956	0.015	0.93	0.98	0.068	0.932	0.89	0.816
19	0.956	0.016	0.932	0.98	0.068	0.932	0.89	0.816
20	0.956	0.02	0.925	0.98	0.068	0.932	0.89	0.816
21	0.956	0.02	0.927	0.98	0.068	0.932	0.89	0.816
22	0.956	0.032	0.923	0.98	0.068	0.932	0.89	0.816
23	0.956	0.015	0.926	0.98	0.068	0.932	0.89	0.816
24	0.956	0.017	0.929	0.985	0.073	0.927	0.887	0.807
25	0.956	0.015	0.927	0.985	0.073	0.927	0.887	0.807
26	0.956	0.018	0.928	0.985	0.073	0.927	0.887	0.807
27	0.956	0.019	0.925	0.985	0.073	0.927	0.887	0.807
28	0.956	0.013	0.934	0.985	0.073	0.927	0.887	0.807
29	0.956	0.025	0.924	0.985	0.073	0.927	0.887	0.807
30	0.956	0.037	0.925	0.985	0.073	0.927	0.887	0.807
31	0.956	0.012	0.931	0.985	0.073	0.927	0.887	0.807
32	0.958	0.015	0.929	0.99	0.074	0.926	0.887	0.804
33	0.958	0.021	0.93	0.99	0.074	0.926	0.887	0.804
34	0.958	0.016	0.928	0.99	0.074	0.926	0.887	0.804
35	0.958	0.014	0.935	0.99	0.074	0.926	0.887	0.804
36	0.958	0.015	0.93	0.99	0.074	0.926	0.887	0.804
37	0.958	0.038	0.924	0.99	0.074	0.926	0.887	0.804
38	0.958	0.012	0.931	0.99	0.074	0.926	0.887	0.804
39	0.958	0.01	0.933	0.99	0.074	0.926	0.887	0.804
40	0.958	0.017	0.932	0.99	0.074	0.926	0.887	0.804
41	0.958	0.04	0.928	0.99	0.074	0.926	0.887	0.804
42	0.958	0.011	0.934	0.99	0.074	0.926	0.887	0.804
43	0.958	0.019	0.931	0.99	0.074	0.926	0.887	0.804
44	0.958	0.019	0.932	0.99	0.074	0.926	0.887	0.804
45	0.958	0.022	0.928	0.99	0.074	0.926	0.887	0.804
46	0.958	0.015	0.932	0.99	0.074	0.926	0.887	0.804
47	0.958	0.013	0.937	0.99	0.074	0.926	0.887	0.804
48	0.958	0.011	0.936	0.99	0.074	0.926	0.887	0.804
49	0.958	0.014	0.935	0.99	0.074	0.926	0.887	0.804
best individual: #c1: 121.66	#c2:31.15	#p1:126.67	#p2:120.98
evaluation: 
Correctly Classified Instances         796               94.0898 %
Incorrectly Classified Instances        50                5.9102 %
Kappa statistic                          0.8479
Total Cost                            1738.7546
Average Cost                             2.0553
Mean absolute error                      0.0993
Root mean squared error                  0.2225
Relative absolute error                 27.5556 %
Root relative squared error             52.4704 %
Total Number of Instances              846     

=== Detailed Accuracy By Class ===

               TP Rate   FP Rate   Precision   Recall  F-Measure   ROC Area  Class
                 0.99      0.074      0.804     0.99      0.887      0.986    van
                 0.926     0.01       0.997     0.926     0.96       0.986    remainder
Weighted Avg.    0.941     0.025      0.951     0.941     0.943      0.986


elite_count=1
mutation_rate=0.5
selection_strategy=RouletteWheelSelection
dataset_path=/home/cloudera/decsb/in/08_vehicle_van_remainder_binary.arff
fitness_metric=GMMetric
crossover_points=4
selection_param=0.2
num_folds=4
population_count=30
number_of_generations=50
beta=0.5
cost_classifier=weka.classifiers.meta.CostSensitiveClassifier
use_reweight=false
base_classifier=weka.classifiers.meta.AdaBoostM1

	Fitness	SDev	Mean	TrueP	FalseP	TrueN	FMeas	Precision
0	0.922	0.412	0.434	0.985	0.136	0.864	0.812	0.69
1	0.93	0.331	0.713	0.995	0.131	0.869	0.822	0.7
2	0.93	0.32	0.732	0.995	0.131	0.869	0.822	0.7
3	0.942	0.216	0.809	0.96	0.076	0.924	0.87	0.796
4	0.942	0.278	0.768	0.96	0.076	0.924	0.87	0.796
5	0.942	0.087	0.862	0.96	0.076	0.924	0.87	0.796
6	0.947	0.158	0.831	0.97	0.076	0.924	0.875	0.798
7	0.947	0.075	0.882	0.97	0.076	0.924	0.875	0.798
8	0.947	0.038	0.893	0.97	0.076	0.924	0.875	0.798
9	0.947	0.029	0.893	0.97	0.076	0.924	0.875	0.798
10	0.947	0.041	0.896	0.97	0.076	0.924	0.875	0.798
11	0.947	0.036	0.906	0.97	0.076	0.924	0.875	0.798
12	0.947	0.025	0.905	0.97	0.076	0.924	0.875	0.798
13	0.947	0.035	0.901	0.97	0.076	0.924	0.875	0.798
14	0.947	0.031	0.892	0.97	0.076	0.924	0.875	0.798
15	0.947	0.031	0.9	0.97	0.076	0.924	0.875	0.798
16	0.947	0.035	0.898	0.97	0.076	0.924	0.875	0.798
17	0.947	0.025	0.904	0.97	0.076	0.924	0.875	0.798
18	0.947	0.027	0.893	0.97	0.076	0.924	0.875	0.798
19	0.947	0.038	0.897	0.97	0.076	0.924	0.875	0.798
20	0.947	0.03	0.897	0.97	0.076	0.924	0.875	0.798
21	0.947	0.036	0.902	0.97	0.076	0.924	0.875	0.798
22	0.947	0.033	0.898	0.97	0.076	0.924	0.875	0.798
23	0.947	0.038	0.895	0.97	0.076	0.924	0.875	0.798
24	0.947	0.04	0.89	0.97	0.076	0.924	0.875	0.798
25	0.947	0.041	0.896	0.97	0.076	0.924	0.875	0.798
26	0.947	0.026	0.913	0.97	0.076	0.924	0.875	0.798
27	0.947	0.023	0.912	0.97	0.076	0.924	0.875	0.798
28	0.947	0.022	0.912	0.97	0.076	0.924	0.875	0.798
29	0.947	0.034	0.909	0.97	0.076	0.924	0.875	0.798
30	0.947	0.031	0.903	0.97	0.076	0.924	0.875	0.798
31	0.947	0.042	0.891	0.97	0.076	0.924	0.875	0.798
32	0.947	0.043	0.89	0.97	0.076	0.924	0.875	0.798
33	0.947	0.029	0.904	0.97	0.076	0.924	0.875	0.798
34	0.947	0.035	0.898	0.97	0.076	0.924	0.875	0.798
35	0.947	0.039	0.893	0.97	0.076	0.924	0.875	0.798
36	0.947	0.028	0.902	0.97	0.076	0.924	0.875	0.798
37	0.947	0.027	0.894	0.97	0.076	0.924	0.875	0.798
38	0.947	0.039	0.896	0.97	0.076	0.924	0.875	0.798
39	0.95	0.044	0.892	0.96	0.059	0.941	0.893	0.834
40	0.95	0.036	0.895	0.96	0.059	0.941	0.893	0.834
41	0.95	0.043	0.885	0.96	0.059	0.941	0.893	0.834
42	0.95	0.049	0.887	0.96	0.059	0.941	0.893	0.834
43	0.95	0.037	0.895	0.96	0.059	0.941	0.893	0.834
44	0.95	0.029	0.891	0.96	0.059	0.941	0.893	0.834
45	0.95	0.033	0.89	0.96	0.059	0.941	0.893	0.834
46	0.95	0.026	0.902	0.96	0.059	0.941	0.893	0.834
47	0.95	0.057	0.884	0.96	0.059	0.941	0.893	0.834
48	0.95	0.035	0.895	0.96	0.059	0.941	0.893	0.834
49	0.95	0.04	0.886	0.96	0.059	0.941	0.893	0.834
best individual: #c1: 62.04	#c2:53.43	#p1:95.5	#p2:124.69
evaluation: 
Correctly Classified Instances         800               94.5626 %
Incorrectly Classified Instances        46                5.4374 %
Kappa statistic                          0.8564
Total Cost                            2526.814 
Average Cost                             2.9868
Mean absolute error                      0.0921
Root mean squared error                  0.2037
Relative absolute error                 25.5718 %
Root relative squared error             48.0374 %
Total Number of Instances              846     

=== Detailed Accuracy By Class ===

               TP Rate   FP Rate   Precision   Recall  F-Measure   ROC Area  Class
                 0.96      0.059      0.834     0.96      0.893      0.985    van
                 0.941     0.04       0.987     0.941     0.964      0.985    remainder
Weighted Avg.    0.946     0.045      0.951     0.946     0.947      0.985


elite_count=1
mutation_rate=0.5
selection_strategy=RouletteWheelSelection
dataset_path=/home/cloudera/decsb/in/08_vehicle_van_remainder_binary.arff
fitness_metric=LinTPTNMetric
crossover_points=4
selection_param=0.2
num_folds=4
population_count=30
number_of_generations=50
beta=0.5
cost_classifier=weka.classifiers.meta.CostSensitiveClassifier
use_reweight=false
base_classifier=weka.classifiers.meta.AdaBoostM1

	Fitness	SDev	Mean	TrueP	FalseP	TrueN	FMeas	Precision
0	0.937	0.186	0.7	0.985	0.111	0.889	0.839	0.731
1	0.951	0.19	0.736	0.975	0.073	0.927	0.882	0.805
2	0.951	0.19	0.714	0.975	0.073	0.927	0.882	0.805
3	0.951	0.176	0.764	0.975	0.073	0.927	0.882	0.805
4	0.951	0.168	0.793	0.975	0.073	0.927	0.882	0.805
5	0.951	0.128	0.855	0.975	0.073	0.927	0.882	0.805
6	0.952	0.106	0.873	0.96	0.056	0.944	0.897	0.841
7	0.955	0.101	0.862	0.985	0.074	0.926	0.885	0.803
8	0.955	0.118	0.861	0.985	0.074	0.926	0.885	0.803
9	0.955	0.101	0.878	0.985	0.074	0.926	0.885	0.803
10	0.955	0.078	0.888	0.985	0.074	0.926	0.885	0.803
11	0.955	0.08	0.895	0.985	0.074	0.926	0.885	0.803
12	0.955	0.025	0.919	0.985	0.074	0.926	0.885	0.803
13	0.955	0.028	0.915	0.985	0.074	0.926	0.885	0.803
14	0.955	0.02	0.923	0.985	0.074	0.926	0.885	0.803
15	0.955	0.021	0.93	0.985	0.074	0.926	0.885	0.803
16	0.955	0.018	0.926	0.985	0.074	0.926	0.885	0.803
17	0.955	0.022	0.923	0.985	0.074	0.926	0.885	0.803
18	0.955	0.02	0.924	0.985	0.074	0.926	0.885	0.803
19	0.955	0.028	0.917	0.985	0.074	0.926	0.885	0.803
20	0.955	0.03	0.913	0.985	0.074	0.926	0.885	0.803
21	0.955	0.021	0.917	0.985	0.074	0.926	0.885	0.803
22	0.955	0.03	0.917	0.985	0.074	0.926	0.885	0.803
23	0.955	0.029	0.916	0.985	0.074	0.926	0.885	0.803
24	0.957	0.022	0.925	0.975	0.062	0.938	0.896	0.829
25	0.957	0.033	0.912	0.98	0.065	0.935	0.894	0.823
26	0.957	0.035	0.91	0.98	0.065	0.935	0.894	0.823
27	0.957	0.026	0.911	0.98	0.065	0.935	0.894	0.823
28	0.957	0.034	0.912	0.98	0.065	0.935	0.894	0.823
29	0.957	0.032	0.91	0.98	0.065	0.935	0.894	0.823
30	0.957	0.028	0.918	0.98	0.065	0.935	0.894	0.823
31	0.957	0.031	0.921	0.98	0.065	0.935	0.894	0.823
32	0.957	0.025	0.916	0.98	0.065	0.935	0.894	0.823
33	0.957	0.022	0.922	0.98	0.065	0.935	0.894	0.823
34	0.957	0.033	0.921	0.98	0.065	0.935	0.894	0.823
35	0.957	0.031	0.915	0.98	0.065	0.935	0.894	0.823
36	0.957	0.032	0.919	0.98	0.065	0.935	0.894	0.823
37	0.957	0.024	0.917	0.98	0.065	0.935	0.894	0.823
38	0.957	0.02	0.922	0.98	0.065	0.935	0.894	0.823
39	0.957	0.026	0.924	0.98	0.065	0.935	0.894	0.823
40	0.957	0.028	0.917	0.98	0.065	0.935	0.894	0.823
41	0.957	0.028	0.919	0.98	0.065	0.935	0.894	0.823
42	0.957	0.039	0.915	0.98	0.065	0.935	0.894	0.823
43	0.957	0.036	0.914	0.98	0.065	0.935	0.894	0.823
44	0.957	0.035	0.91	0.98	0.065	0.935	0.894	0.823
45	0.957	0.032	0.906	0.98	0.065	0.935	0.894	0.823
46	0.957	0.018	0.922	0.98	0.065	0.935	0.894	0.823
47	0.957	0.02	0.93	0.98	0.065	0.935	0.894	0.823
48	0.957	0.022	0.923	0.98	0.065	0.935	0.894	0.823
49	0.957	0.018	0.93	0.98	0.065	0.935	0.894	0.823
best individual: #c1: 79.22	#c2:33.59	#p1:95.86	#p2:112.71
evaluation: 
Correctly Classified Instances         800               94.5626 %
Incorrectly Classified Instances        46                5.4374 %
Kappa statistic                          0.8582
Total Cost                            1727.6823
Average Cost                             2.0422
Mean absolute error                      0.0914
Root mean squared error                  0.2052
Relative absolute error                 25.3683 %
Root relative squared error             48.3825 %
Total Number of Instances              846     

=== Detailed Accuracy By Class ===

               TP Rate   FP Rate   Precision   Recall  F-Measure   ROC Area  Class
                 0.98      0.065      0.823     0.98      0.894      0.987    van
                 0.935     0.02       0.993     0.935     0.963      0.987    remainder
Weighted Avg.    0.946     0.031      0.953     0.946     0.947      0.987


elite_count=1
mutation_rate=0.5
selection_strategy=RouletteWheelSelection
dataset_path=/home/cloudera/decsb/in/08_vehicle_van_remainder_binary.arff
fitness_metric=BAccMetric
crossover_points=4
selection_param=0.2
num_folds=4
population_count=40
number_of_generations=50
beta=0.5
cost_classifier=weka.classifiers.meta.CostSensitiveClassifier
use_reweight=false
base_classifier=weka.classifiers.meta.AdaBoostM1

	Fitness	SDev	Mean	TrueP	FalseP	TrueN	FMeas	Precision
0	0.943	0.178	0.698	0.975	0.09	0.91	0.86	0.77
1	0.943	0.179	0.746	0.975	0.09	0.91	0.86	0.77
2	0.943	0.172	0.742	0.975	0.09	0.91	0.86	0.77
3	0.948	0.148	0.82	0.975	0.079	0.921	0.874	0.792
4	0.948	0.135	0.821	0.975	0.079	0.921	0.874	0.792
5	0.948	0.138	0.835	0.975	0.079	0.921	0.874	0.792
6	0.953	0.139	0.83	0.985	0.079	0.921	0.879	0.794
7	0.953	0.141	0.839	0.985	0.079	0.921	0.879	0.794
8	0.953	0.082	0.896	0.985	0.079	0.921	0.879	0.794
9	0.953	0.048	0.9	0.985	0.079	0.921	0.879	0.794
10	0.953	0.087	0.882	0.985	0.079	0.921	0.879	0.794
11	0.953	0.067	0.895	0.985	0.079	0.921	0.879	0.794
12	0.953	0.025	0.916	0.985	0.079	0.921	0.879	0.794
13	0.953	0.065	0.897	0.985	0.079	0.921	0.879	0.794
14	0.953	0.06	0.902	0.985	0.079	0.921	0.879	0.794
15	0.953	0.034	0.91	0.985	0.079	0.921	0.879	0.794
16	0.953	0.026	0.92	0.985	0.079	0.921	0.879	0.794
17	0.953	0.033	0.915	0.985	0.079	0.921	0.879	0.794
18	0.953	0.055	0.908	0.985	0.079	0.921	0.879	0.794
19	0.953	0.061	0.908	0.985	0.079	0.921	0.879	0.794
20	0.953	0.05	0.91	0.985	0.079	0.921	0.879	0.794
21	0.953	0.022	0.915	0.985	0.079	0.921	0.879	0.794
22	0.953	0.041	0.92	0.985	0.079	0.921	0.879	0.794
23	0.953	0.045	0.917	0.985	0.079	0.921	0.879	0.794
24	0.953	0.055	0.911	0.985	0.079	0.921	0.879	0.794
25	0.953	0.023	0.926	0.985	0.079	0.921	0.879	0.794
26	0.953	0.036	0.917	0.985	0.079	0.921	0.879	0.794
27	0.953	0.033	0.916	0.985	0.079	0.921	0.879	0.794
28	0.953	0.013	0.923	0.985	0.079	0.921	0.879	0.794
29	0.953	0.021	0.924	0.985	0.079	0.921	0.879	0.794
30	0.953	0.021	0.923	0.985	0.079	0.921	0.879	0.794
31	0.953	0.045	0.916	0.985	0.079	0.921	0.879	0.794
32	0.953	0.018	0.924	0.985	0.079	0.921	0.879	0.794
33	0.953	0.021	0.924	0.985	0.079	0.921	0.879	0.794
34	0.958	0.015	0.925	0.99	0.074	0.926	0.887	0.804
35	0.958	0.019	0.928	0.99	0.074	0.926	0.887	0.804
36	0.958	0.017	0.928	0.99	0.074	0.926	0.887	0.804
37	0.958	0.035	0.923	0.99	0.074	0.926	0.887	0.804
38	0.958	0.042	0.92	0.99	0.074	0.926	0.887	0.804
39	0.958	0.017	0.927	0.99	0.074	0.926	0.887	0.804
40	0.958	0.018	0.928	0.99	0.074	0.926	0.887	0.804
41	0.958	0.013	0.927	0.99	0.074	0.926	0.887	0.804
42	0.958	0.013	0.928	0.99	0.074	0.926	0.887	0.804
43	0.958	0.057	0.913	0.99	0.074	0.926	0.887	0.804
44	0.958	0.056	0.913	0.99	0.074	0.926	0.887	0.804
45	0.958	0.018	0.924	0.99	0.074	0.926	0.887	0.804
46	0.958	0.05	0.912	0.99	0.074	0.926	0.887	0.804
47	0.958	0.032	0.92	0.99	0.074	0.926	0.887	0.804
48	0.958	0.029	0.926	0.99	0.074	0.926	0.887	0.804
49	0.958	0.043	0.921	0.99	0.074	0.926	0.887	0.804
best individual: #c1: 44.47	#c2:11.46	#p1:109.41	#p2:123.31
evaluation: 
Correctly Classified Instances         796               94.0898 %
Incorrectly Classified Instances        50                5.9102 %
Kappa statistic                          0.8479
Total Cost                             639.0022
Average Cost                             0.7553
Mean absolute error                      0.0991
Root mean squared error                  0.2223
Relative absolute error                 27.52   %
Root relative squared error             52.4124 %
Total Number of Instances              846     

=== Detailed Accuracy By Class ===

               TP Rate   FP Rate   Precision   Recall  F-Measure   ROC Area  Class
                 0.99      0.074      0.804     0.99      0.887      0.986    van
                 0.926     0.01       0.997     0.926     0.96       0.986    remainder
Weighted Avg.    0.941     0.025      0.951     0.941     0.943      0.986


elite_count=1
mutation_rate=0.5
selection_strategy=RouletteWheelSelection
dataset_path=/home/cloudera/decsb/in/08_vehicle_van_remainder_binary.arff
fitness_metric=GMMetric
crossover_points=4
selection_param=0.2
num_folds=4
population_count=40
number_of_generations=50
beta=0.5
cost_classifier=weka.classifiers.meta.CostSensitiveClassifier
use_reweight=false
base_classifier=weka.classifiers.meta.AdaBoostM1

	Fitness	SDev	Mean	TrueP	FalseP	TrueN	FMeas	Precision
0	0.935	0.421	0.417	0.985	0.113	0.887	0.838	0.729
1	0.935	0.222	0.826	0.985	0.113	0.887	0.838	0.729
2	0.947	0.275	0.786	0.96	0.066	0.934	0.882	0.816
3	0.947	0.198	0.846	0.96	0.066	0.934	0.882	0.816
4	0.955	0.148	0.87	0.965	0.056	0.944	0.899	0.842
5	0.955	0.199	0.848	0.965	0.056	0.944	0.899	0.842
6	0.955	0.097	0.89	0.965	0.056	0.944	0.899	0.842
7	0.955	0.036	0.905	0.965	0.056	0.944	0.899	0.842
8	0.955	0.035	0.909	0.965	0.056	0.944	0.899	0.842
9	0.955	0.032	0.907	0.965	0.056	0.944	0.899	0.842
10	0.955	0.028	0.911	0.965	0.056	0.944	0.899	0.842
11	0.955	0.023	0.922	0.965	0.056	0.944	0.899	0.842
12	0.955	0.026	0.92	0.965	0.056	0.944	0.899	0.842
13	0.955	0.029	0.917	0.965	0.056	0.944	0.899	0.842
14	0.955	0.023	0.922	0.965	0.056	0.944	0.899	0.842
15	0.955	0.018	0.928	0.965	0.056	0.944	0.899	0.842
16	0.955	0.019	0.927	0.965	0.056	0.944	0.899	0.842
17	0.955	0.019	0.925	0.965	0.056	0.944	0.899	0.842
18	0.956	0.023	0.925	0.975	0.062	0.938	0.896	0.829
19	0.956	0.015	0.93	0.975	0.062	0.938	0.896	0.829
20	0.956	0.015	0.922	0.975	0.062	0.938	0.896	0.829
21	0.956	0.016	0.929	0.975	0.062	0.938	0.896	0.829
22	0.956	0.019	0.928	0.975	0.062	0.938	0.896	0.829
23	0.956	0.015	0.931	0.975	0.062	0.938	0.896	0.829
24	0.956	0.017	0.927	0.975	0.062	0.938	0.896	0.829
25	0.956	0.013	0.93	0.975	0.062	0.938	0.896	0.829
26	0.956	0.022	0.925	0.975	0.062	0.938	0.896	0.829
27	0.956	0.015	0.933	0.975	0.062	0.938	0.896	0.829
28	0.956	0.015	0.928	0.975	0.062	0.938	0.896	0.829
29	0.956	0.017	0.928	0.975	0.062	0.938	0.896	0.829
30	0.956	0.021	0.927	0.975	0.062	0.938	0.896	0.829
31	0.956	0.016	0.931	0.975	0.062	0.938	0.896	0.829
32	0.956	0.019	0.928	0.975	0.062	0.938	0.896	0.829
33	0.956	0.016	0.929	0.975	0.062	0.938	0.896	0.829
34	0.956	0.023	0.925	0.975	0.062	0.938	0.896	0.829
35	0.956	0.025	0.919	0.975	0.062	0.938	0.896	0.829
36	0.958	0.021	0.93	0.975	0.059	0.941	0.9	0.836
37	0.958	0.021	0.928	0.975	0.059	0.941	0.9	0.836
38	0.958	0.017	0.931	0.975	0.059	0.941	0.9	0.836
39	0.958	0.032	0.922	0.975	0.059	0.941	0.9	0.836
40	0.958	0.031	0.924	0.975	0.059	0.941	0.9	0.836
41	0.958	0.025	0.926	0.985	0.068	0.932	0.893	0.817
42	0.958	0.014	0.931	0.985	0.068	0.932	0.893	0.817
43	0.958	0.014	0.926	0.985	0.068	0.932	0.893	0.817
44	0.958	0.016	0.929	0.985	0.068	0.932	0.893	0.817
45	0.958	0.016	0.928	0.985	0.068	0.932	0.893	0.817
46	0.958	0.018	0.928	0.985	0.068	0.932	0.893	0.817
47	0.958	0.01	0.93	0.985	0.068	0.932	0.893	0.817
48	0.958	0.025	0.926	0.985	0.068	0.932	0.893	0.817
49	0.958	0.026	0.924	0.985	0.068	0.932	0.893	0.817
best individual: #c1: 77.57	#c2:33.03	#p1:91.23	#p2:114.19
evaluation: 
Correctly Classified Instances         799               94.4444 %
Incorrectly Classified Instances        47                5.5556 %
Kappa statistic                          0.8559
Total Cost                            1685.8197
Average Cost                             1.9927
Mean absolute error                      0.0972
Root mean squared error                  0.2174
Relative absolute error                 26.992  %
Root relative squared error             51.246  %
Total Number of Instances              846     

=== Detailed Accuracy By Class ===

               TP Rate   FP Rate   Precision   Recall  F-Measure   ROC Area  Class
                 0.985     0.068      0.817     0.985     0.893      0.985    van
                 0.932     0.015      0.995     0.932     0.962      0.985    remainder
Weighted Avg.    0.944     0.028      0.953     0.944     0.946      0.985


elite_count=1
mutation_rate=0.5
selection_strategy=RouletteWheelSelection
dataset_path=/home/cloudera/decsb/in/08_vehicle_van_remainder_binary.arff
fitness_metric=LinTPTNMetric
crossover_points=4
selection_param=0.2
num_folds=4
population_count=40
number_of_generations=50
beta=0.5
cost_classifier=weka.classifiers.meta.CostSensitiveClassifier
use_reweight=false
base_classifier=weka.classifiers.meta.AdaBoostM1

	Fitness	SDev	Mean	TrueP	FalseP	TrueN	FMeas	Precision
0	0.926	0.181	0.675	0.985	0.133	0.867	0.815	0.695
1	0.938	0.17	0.709	0.985	0.108	0.892	0.843	0.737
2	0.952	0.179	0.748	0.98	0.076	0.924	0.88	0.799
3	0.952	0.17	0.789	0.98	0.076	0.924	0.88	0.799
4	0.952	0.143	0.838	0.98	0.076	0.924	0.88	0.799
5	0.952	0.149	0.816	0.98	0.076	0.924	0.88	0.799
6	0.952	0.138	0.853	0.98	0.076	0.924	0.88	0.799
7	0.952	0.125	0.873	0.98	0.076	0.924	0.88	0.799
8	0.952	0.04	0.915	0.98	0.076	0.924	0.88	0.799
9	0.952	0.016	0.927	0.98	0.076	0.924	0.88	0.799
10	0.952	0.094	0.902	0.98	0.076	0.924	0.88	0.799
11	0.956	0.015	0.925	0.985	0.073	0.927	0.887	0.807
12	0.958	0.014	0.926	0.985	0.07	0.93	0.891	0.813
13	0.958	0.014	0.925	0.985	0.07	0.93	0.891	0.813
14	0.958	0.02	0.923	0.985	0.07	0.93	0.891	0.813
15	0.958	0.019	0.922	0.985	0.07	0.93	0.891	0.813
16	0.958	0.019	0.925	0.985	0.07	0.93	0.891	0.813
17	0.958	0.019	0.922	0.985	0.07	0.93	0.891	0.813
18	0.958	0.019	0.924	0.985	0.07	0.93	0.891	0.813
19	0.958	0.017	0.922	0.985	0.07	0.93	0.891	0.813
20	0.958	0.017	0.921	0.985	0.07	0.93	0.891	0.813
21	0.958	0.018	0.923	0.985	0.07	0.93	0.891	0.813
22	0.958	0.021	0.922	0.985	0.07	0.93	0.891	0.813
23	0.958	0.026	0.92	0.985	0.07	0.93	0.891	0.813
24	0.958	0.014	0.931	0.985	0.07	0.93	0.891	0.813
25	0.958	0.019	0.921	0.985	0.07	0.93	0.891	0.813
26	0.958	0.026	0.923	0.985	0.07	0.93	0.891	0.813
27	0.958	0.014	0.926	0.985	0.07	0.93	0.891	0.813
28	0.958	0.015	0.928	0.985	0.07	0.93	0.891	0.813
29	0.958	0.026	0.926	0.985	0.07	0.93	0.891	0.813
30	0.958	0.017	0.926	0.985	0.07	0.93	0.891	0.813
31	0.958	0.019	0.918	0.985	0.07	0.93	0.891	0.813
32	0.958	0.016	0.921	0.985	0.07	0.93	0.891	0.813
33	0.958	0.02	0.922	0.985	0.07	0.93	0.891	0.813
34	0.958	0.025	0.922	0.985	0.07	0.93	0.891	0.813
35	0.958	0.016	0.925	0.985	0.07	0.93	0.891	0.813
36	0.958	0.019	0.925	0.985	0.07	0.93	0.891	0.813
37	0.958	0.018	0.926	0.985	0.07	0.93	0.891	0.813
38	0.958	0.016	0.924	0.985	0.07	0.93	0.891	0.813
39	0.958	0.018	0.923	0.985	0.07	0.93	0.891	0.813
40	0.958	0.018	0.926	0.985	0.07	0.93	0.891	0.813
41	0.958	0.022	0.92	0.985	0.07	0.93	0.891	0.813
42	0.958	0.02	0.919	0.985	0.07	0.93	0.891	0.813
43	0.958	0.013	0.932	0.985	0.07	0.93	0.891	0.813
44	0.958	0.016	0.927	0.985	0.07	0.93	0.891	0.813
45	0.958	0.018	0.929	0.985	0.07	0.93	0.891	0.813
46	0.958	0.019	0.926	0.985	0.07	0.93	0.891	0.813
47	0.958	0.02	0.926	0.985	0.07	0.93	0.891	0.813
48	0.958	0.017	0.929	0.985	0.07	0.93	0.891	0.813
49	0.958	0.013	0.929	0.985	0.07	0.93	0.891	0.813
best individual: #c1: 47.68	#c2:17.84	#p1:92.44	#p2:120.67
evaluation: 
Correctly Classified Instances         798               94.3262 %
Incorrectly Classified Instances        48                5.6738 %
Kappa statistic                          0.853 
Total Cost                             945.9514
Average Cost                             1.1181
Mean absolute error                      0.0998
Root mean squared error                  0.2216
Relative absolute error                 27.6965 %
Root relative squared error             52.2356 %
Total Number of Instances              846     

=== Detailed Accuracy By Class ===

               TP Rate   FP Rate   Precision   Recall  F-Measure   ROC Area  Class
                 0.985     0.07       0.813     0.985     0.891      0.984    van
                 0.93      0.015      0.995     0.93      0.962      0.984    remainder
Weighted Avg.    0.943     0.028      0.952     0.943     0.945      0.984


elite_count=1
mutation_rate=0.5
selection_strategy=RouletteWheelSelection
dataset_path=/home/cloudera/decsb/in/08_vehicle_van_remainder_binary.arff
fitness_metric=BAccMetric
crossover_points=4
selection_param=0.2
num_folds=4
population_count=50
number_of_generations=50
beta=0.5
cost_classifier=weka.classifiers.meta.CostSensitiveClassifier
use_reweight=false
base_classifier=weka.classifiers.meta.AdaBoostM1

	Fitness	SDev	Mean	TrueP	FalseP	TrueN	FMeas	Precision
0	0.943	0.188	0.701	0.97	0.083	0.917	0.865	0.781
1	0.954	0.174	0.71	0.975	0.066	0.934	0.89	0.819
2	0.954	0.17	0.767	0.975	0.066	0.934	0.89	0.819
3	0.954	0.156	0.793	0.975	0.066	0.934	0.89	0.819
4	0.954	0.149	0.804	0.975	0.066	0.934	0.89	0.819
5	0.954	0.153	0.813	0.975	0.066	0.934	0.89	0.819
6	0.954	0.145	0.825	0.975	0.066	0.934	0.89	0.819
7	0.956	0.134	0.838	0.98	0.068	0.932	0.89	0.816
8	0.956	0.069	0.889	0.98	0.068	0.932	0.89	0.816
9	0.956	0.074	0.883	0.98	0.068	0.932	0.89	0.816
10	0.956	0.072	0.876	0.98	0.068	0.932	0.89	0.816
11	0.956	0.094	0.857	0.98	0.068	0.932	0.89	0.816
12	0.956	0.09	0.865	0.98	0.068	0.932	0.89	0.816
13	0.956	0.081	0.866	0.98	0.068	0.932	0.89	0.816
14	0.956	0.095	0.866	0.98	0.068	0.932	0.89	0.816
15	0.956	0.074	0.884	0.98	0.068	0.932	0.89	0.816
16	0.956	0.066	0.882	0.98	0.068	0.932	0.89	0.816
17	0.958	0.061	0.896	0.975	0.059	0.941	0.9	0.836
18	0.958	0.049	0.91	0.975	0.059	0.941	0.9	0.836
19	0.958	0.059	0.909	0.975	0.059	0.941	0.9	0.836
20	0.958	0.045	0.908	0.975	0.059	0.941	0.9	0.836
21	0.958	0.034	0.919	0.975	0.059	0.941	0.9	0.836
22	0.958	0.036	0.92	0.975	0.059	0.941	0.9	0.836
23	0.958	0.032	0.917	0.975	0.059	0.941	0.9	0.836
24	0.958	0.037	0.918	0.975	0.059	0.941	0.9	0.836
25	0.958	0.036	0.919	0.975	0.059	0.941	0.9	0.836
26	0.958	0.032	0.918	0.975	0.059	0.941	0.9	0.836
27	0.958	0.021	0.927	0.975	0.059	0.941	0.9	0.836
28	0.958	0.024	0.924	0.975	0.059	0.941	0.9	0.836
29	0.958	0.032	0.923	0.975	0.059	0.941	0.9	0.836
30	0.958	0.019	0.925	0.975	0.059	0.941	0.9	0.836
31	0.958	0.025	0.925	0.975	0.059	0.941	0.9	0.836
32	0.958	0.028	0.921	0.975	0.059	0.941	0.9	0.836
33	0.958	0.038	0.918	0.975	0.059	0.941	0.9	0.836
34	0.958	0.052	0.916	0.985	0.068	0.932	0.893	0.817
35	0.958	0.018	0.928	0.985	0.068	0.932	0.893	0.817
36	0.958	0.033	0.921	0.985	0.068	0.932	0.893	0.817
37	0.958	0.02	0.924	0.985	0.068	0.932	0.893	0.817
38	0.958	0.028	0.923	0.985	0.068	0.932	0.893	0.817
39	0.958	0.038	0.919	0.985	0.068	0.932	0.893	0.817
40	0.958	0.031	0.919	0.985	0.068	0.932	0.893	0.817
41	0.958	0.029	0.921	0.985	0.068	0.932	0.893	0.817
42	0.958	0.028	0.923	0.985	0.068	0.932	0.893	0.817
43	0.958	0.044	0.914	0.985	0.068	0.932	0.893	0.817
44	0.958	0.014	0.927	0.985	0.068	0.932	0.893	0.817
45	0.958	0.025	0.923	0.985	0.068	0.932	0.893	0.817
46	0.958	0.012	0.932	0.985	0.068	0.932	0.893	0.817
47	0.958	0.043	0.921	0.985	0.068	0.932	0.893	0.817
48	0.958	0.02	0.921	0.985	0.068	0.932	0.893	0.817
49	0.958	0.019	0.926	0.985	0.068	0.932	0.893	0.817
best individual: #c1: 103.49	#c2:45.07	#p1:91.52	#p2:113.95
evaluation: 
Correctly Classified Instances         799               94.4444 %
Incorrectly Classified Instances        47                5.5556 %
Kappa statistic                          0.8559
Total Cost                            2293.4197
Average Cost                             2.7109
Mean absolute error                      0.0957
Root mean squared error                  0.2143
Relative absolute error                 26.5729 %
Root relative squared error             50.5293 %
Total Number of Instances              846     

=== Detailed Accuracy By Class ===

               TP Rate   FP Rate   Precision   Recall  F-Measure   ROC Area  Class
                 0.985     0.068      0.817     0.985     0.893      0.985    van
                 0.932     0.015      0.995     0.932     0.962      0.985    remainder
Weighted Avg.    0.944     0.028      0.953     0.944     0.946      0.985


elite_count=1
mutation_rate=0.5
selection_strategy=RouletteWheelSelection
dataset_path=/home/cloudera/decsb/in/08_vehicle_van_remainder_binary.arff
fitness_metric=GMMetric
crossover_points=4
selection_param=0.2
num_folds=4
population_count=50
number_of_generations=50
beta=0.5
cost_classifier=weka.classifiers.meta.CostSensitiveClassifier
use_reweight=false
base_classifier=weka.classifiers.meta.AdaBoostM1

	Fitness	SDev	Mean	TrueP	FalseP	TrueN	FMeas	Precision
0	0.944	0.38	0.273	1	0.108	0.892	0.85	0.74
1	0.948	0.225	0.808	0.995	0.096	0.904	0.863	0.762
2	0.948	0.233	0.801	0.995	0.096	0.904	0.863	0.762
3	0.953	0.052	0.888	0.965	0.059	0.941	0.895	0.835
4	0.953	0.109	0.873	0.965	0.059	0.941	0.895	0.835
5	0.953	0.106	0.866	0.965	0.059	0.941	0.895	0.835
6	0.953	0.078	0.877	0.965	0.059	0.941	0.895	0.835
7	0.953	0.083	0.874	0.965	0.059	0.941	0.895	0.835
8	0.953	0.095	0.88	0.965	0.059	0.941	0.895	0.835
9	0.953	0.052	0.885	0.965	0.059	0.941	0.895	0.835
10	0.953	0.106	0.852	0.965	0.059	0.941	0.895	0.835
11	0.953	0.082	0.865	0.965	0.059	0.941	0.895	0.835
12	0.953	0.058	0.881	0.965	0.059	0.941	0.895	0.835
13	0.953	0.059	0.872	0.965	0.059	0.941	0.895	0.835
14	0.953	0.068	0.871	0.965	0.059	0.941	0.895	0.835
15	0.953	0.069	0.869	0.965	0.059	0.941	0.895	0.835
16	0.953	0.106	0.852	0.965	0.059	0.941	0.895	0.835
17	0.953	0.051	0.882	0.965	0.059	0.941	0.895	0.835
18	0.953	0.059	0.877	0.965	0.059	0.941	0.895	0.835
19	0.953	0.082	0.882	0.965	0.059	0.941	0.895	0.835
20	0.953	0.078	0.865	0.965	0.059	0.941	0.895	0.835
21	0.953	0.079	0.879	0.965	0.059	0.941	0.895	0.835
22	0.953	0.044	0.893	0.965	0.059	0.941	0.895	0.835
23	0.953	0.051	0.898	0.965	0.059	0.941	0.895	0.835
24	0.953	0.049	0.902	0.965	0.059	0.941	0.895	0.835
25	0.953	0.055	0.888	0.965	0.059	0.941	0.895	0.835
26	0.953	0.037	0.909	0.965	0.059	0.941	0.895	0.835
27	0.953	0.059	0.895	0.965	0.059	0.941	0.895	0.835
28	0.957	0.056	0.897	0.975	0.06	0.94	0.898	0.833
29	0.957	0.059	0.9	0.975	0.06	0.94	0.898	0.833
30	0.957	0.026	0.919	0.975	0.06	0.94	0.898	0.833
31	0.957	0.042	0.908	0.975	0.06	0.94	0.898	0.833
32	0.957	0.035	0.914	0.975	0.06	0.94	0.898	0.833
33	0.957	0.022	0.922	0.975	0.06	0.94	0.898	0.833
34	0.957	0.031	0.914	0.975	0.06	0.94	0.898	0.833
35	0.958	0.024	0.924	0.975	0.059	0.941	0.9	0.836
36	0.958	0.036	0.917	0.975	0.059	0.941	0.9	0.836
37	0.958	0.058	0.905	0.975	0.059	0.941	0.9	0.836
38	0.958	0.044	0.908	0.975	0.059	0.941	0.9	0.836
39	0.958	0.041	0.913	0.975	0.059	0.941	0.9	0.836
40	0.958	0.034	0.922	0.975	0.059	0.941	0.9	0.836
41	0.958	0.019	0.925	0.975	0.059	0.941	0.9	0.836
42	0.958	0.02	0.924	0.975	0.059	0.941	0.9	0.836
43	0.958	0.025	0.923	0.975	0.059	0.941	0.9	0.836
44	0.958	0.024	0.925	0.975	0.059	0.941	0.9	0.836
45	0.958	0.015	0.927	0.975	0.059	0.941	0.9	0.836
46	0.958	0.021	0.929	0.975	0.059	0.941	0.9	0.836
47	0.958	0.022	0.924	0.975	0.059	0.941	0.9	0.836
48	0.958	0.016	0.927	0.975	0.059	0.941	0.9	0.836
49	0.958	0.014	0.931	0.975	0.059	0.941	0.9	0.836
best individual: #c1: 117.14	#c2:53.33	#p1:100.55	#p2:127.24
evaluation: 
Correctly Classified Instances         803               94.9173 %
Incorrectly Classified Instances        43                5.0827 %
Kappa statistic                          0.8664
Total Cost                            2612.4172
Average Cost                             3.088 
Mean absolute error                      0.0937
Root mean squared error                  0.2114
Relative absolute error                 26.0003 %
Root relative squared error             49.8316 %
Total Number of Instances              846     

=== Detailed Accuracy By Class ===

               TP Rate   FP Rate   Precision   Recall  F-Measure   ROC Area  Class
                 0.975     0.059      0.836     0.975     0.9        0.986    van
                 0.941     0.025      0.992     0.941     0.966      0.986    remainder
Weighted Avg.    0.949     0.033      0.955     0.949     0.95       0.986


elite_count=1
mutation_rate=0.5
selection_strategy=RouletteWheelSelection
dataset_path=/home/cloudera/decsb/in/08_vehicle_van_remainder_binary.arff
fitness_metric=LinTPTNMetric
crossover_points=4
selection_param=0.2
num_folds=4
population_count=50
number_of_generations=50
beta=0.5
cost_classifier=weka.classifiers.meta.CostSensitiveClassifier
use_reweight=false
base_classifier=weka.classifiers.meta.AdaBoostM1

	Fitness	SDev	Mean	TrueP	FalseP	TrueN	FMeas	Precision
0	0.929	0.18	0.67	0.99	0.131	0.869	0.819	0.699
1	0.929	0.173	0.735	0.99	0.131	0.869	0.819	0.699
2	0.948	0.17	0.771	0.97	0.074	0.926	0.877	0.801
3	0.948	0.15	0.808	0.97	0.074	0.926	0.877	0.801
4	0.948	0.127	0.826	0.97	0.074	0.926	0.877	0.801
5	0.953	0.129	0.846	0.975	0.07	0.93	0.886	0.812
6	0.953	0.113	0.851	0.975	0.07	0.93	0.886	0.812
7	0.953	0.07	0.892	0.975	0.07	0.93	0.886	0.812
8	0.957	0.057	0.908	0.975	0.062	0.938	0.896	0.829
9	0.957	0.041	0.901	0.975	0.062	0.938	0.896	0.829
10	0.957	0.044	0.897	0.975	0.062	0.938	0.896	0.829
11	0.957	0.059	0.896	0.975	0.062	0.938	0.896	0.829
12	0.957	0.041	0.894	0.975	0.062	0.938	0.896	0.829
13	0.957	0.031	0.91	0.975	0.062	0.938	0.896	0.829
14	0.957	0.033	0.914	0.975	0.062	0.938	0.896	0.829
15	0.957	0.034	0.911	0.975	0.062	0.938	0.896	0.829
16	0.957	0.027	0.911	0.975	0.062	0.938	0.896	0.829
17	0.957	0.033	0.912	0.975	0.062	0.938	0.896	0.829
18	0.957	0.031	0.914	0.975	0.062	0.938	0.896	0.829
19	0.957	0.033	0.906	0.975	0.062	0.938	0.896	0.829
20	0.957	0.039	0.903	0.975	0.062	0.938	0.896	0.829
21	0.957	0.026	0.911	0.975	0.062	0.938	0.896	0.829
22	0.957	0.029	0.913	0.975	0.062	0.938	0.896	0.829
23	0.957	0.03	0.908	0.975	0.062	0.938	0.896	0.829
24	0.957	0.027	0.91	0.975	0.062	0.938	0.896	0.829
25	0.957	0.028	0.915	0.975	0.062	0.938	0.896	0.829
26	0.957	0.021	0.921	0.975	0.062	0.938	0.896	0.829
27	0.957	0.027	0.915	0.975	0.062	0.938	0.896	0.829
28	0.957	0.034	0.921	0.975	0.062	0.938	0.896	0.829
29	0.957	0.024	0.922	0.975	0.062	0.938	0.896	0.829
30	0.957	0.022	0.923	0.975	0.062	0.938	0.896	0.829
31	0.957	0.015	0.931	0.975	0.062	0.938	0.896	0.829
32	0.957	0.016	0.927	0.975	0.062	0.938	0.896	0.829
33	0.957	0.026	0.924	0.975	0.062	0.938	0.896	0.829
34	0.957	0.019	0.93	0.975	0.062	0.938	0.896	0.829
35	0.957	0.02	0.927	0.975	0.062	0.938	0.896	0.829
36	0.957	0.017	0.927	0.975	0.062	0.938	0.896	0.829
37	0.957	0.018	0.928	0.975	0.062	0.938	0.896	0.829
38	0.957	0.019	0.929	0.975	0.062	0.938	0.896	0.829
39	0.957	0.021	0.925	0.975	0.062	0.938	0.896	0.829
40	0.957	0.021	0.926	0.975	0.062	0.938	0.896	0.829
41	0.957	0.014	0.932	0.975	0.062	0.938	0.896	0.829
42	0.957	0.019	0.928	0.975	0.062	0.938	0.896	0.829
43	0.957	0.018	0.927	0.975	0.062	0.938	0.896	0.829
44	0.957	0.02	0.927	0.975	0.062	0.938	0.896	0.829
45	0.957	0.015	0.929	0.975	0.062	0.938	0.896	0.829
46	0.957	0.023	0.927	0.975	0.062	0.938	0.896	0.829
47	0.957	0.021	0.926	0.975	0.062	0.938	0.896	0.829
48	0.957	0.017	0.927	0.975	0.062	0.938	0.896	0.829
49	0.957	0.02	0.926	0.975	0.062	0.938	0.896	0.829
best individual: #c1: 106.78	#c2:45.64	#p1:124.05	#p2:126.08
evaluation: 
Correctly Classified Instances         801               94.6809 %
Incorrectly Classified Instances        45                5.3191 %
Kappa statistic                          0.8606
Total Cost                            2359.4917
Average Cost                             2.789 
Mean absolute error                      0.0944
Root mean squared error                  0.2131
Relative absolute error                 26.2057 %
Root relative squared error             50.2504 %
Total Number of Instances              846     

=== Detailed Accuracy By Class ===

               TP Rate   FP Rate   Precision   Recall  F-Measure   ROC Area  Class
                 0.975     0.062      0.829     0.975     0.896      0.986    van
                 0.938     0.025      0.992     0.938     0.964      0.986    remainder
Weighted Avg.    0.947     0.034      0.954     0.947     0.948      0.986

