
elite_count=1
mutation_rate=0.5
selection_strategy=RankSelection
dataset_path=in/08_vehicle_van_remainder_binary.arff
fitness_metric=BAccMetric
crossover_points=4
selection_param=0.8
num_folds=5
population_count=25
number_of_generations=50
beta=0.5
cost_classifier=weka.classifiers.meta.CostSensitiveClassifier
use_reweight=false
base_classifier=weka.classifiers.lazy.IBk

	Fitness	SDev	Mean	TrueP	FalseP	TrueN	FMeas	Precision
0	0.929	0.095	0.829	0.925	0.068	0.932	0.863	0.809
1	0.929	0.048	0.879	0.925	0.068	0.932	0.863	0.809
2	0.929	0.037	0.898	0.925	0.068	0.932	0.863	0.809
3	0.931	0.037	0.894	0.95	0.087	0.913	0.852	0.772
4	0.931	0.019	0.909	0.95	0.087	0.913	0.852	0.772
5	0.931	0.033	0.908	0.95	0.087	0.913	0.852	0.772
6	0.931	0.022	0.91	0.95	0.087	0.913	0.852	0.772
7	0.931	0.026	0.914	0.95	0.087	0.913	0.852	0.772
8	0.931	0.007	0.92	0.95	0.087	0.913	0.852	0.772
9	0.931	0.006	0.92	0.95	0.087	0.913	0.852	0.772
10	0.931	0.006	0.924	0.95	0.087	0.913	0.852	0.772
11	0.931	0.007	0.922	0.95	0.087	0.913	0.852	0.772
12	0.931	0.007	0.921	0.95	0.087	0.913	0.852	0.772
13	0.931	0.008	0.923	0.95	0.087	0.913	0.852	0.772
14	0.931	0.009	0.923	0.95	0.087	0.913	0.852	0.772
15	0.931	0.008	0.921	0.95	0.087	0.913	0.852	0.772
16	0.931	0.008	0.919	0.95	0.087	0.913	0.852	0.772
17	0.931	0.008	0.922	0.95	0.087	0.913	0.852	0.772
18	0.931	0.007	0.922	0.95	0.087	0.913	0.852	0.772
19	0.931	0.008	0.921	0.95	0.087	0.913	0.852	0.772
20	0.931	0.008	0.922	0.95	0.087	0.913	0.852	0.772
21	0.931	0.008	0.921	0.95	0.087	0.913	0.852	0.772
22	0.931	0.008	0.919	0.95	0.087	0.913	0.852	0.772
23	0.931	0.007	0.919	0.95	0.087	0.913	0.852	0.772
24	0.931	0.009	0.921	0.95	0.087	0.913	0.852	0.772
25	0.931	0.008	0.921	0.95	0.087	0.913	0.852	0.772
26	0.931	0.008	0.918	0.95	0.087	0.913	0.852	0.772
27	0.931	0.008	0.919	0.95	0.087	0.913	0.852	0.772
28	0.931	0.009	0.923	0.95	0.087	0.913	0.852	0.772
29	0.931	0.009	0.922	0.95	0.087	0.913	0.852	0.772
30	0.931	0.008	0.921	0.95	0.087	0.913	0.852	0.772
31	0.931	0.008	0.92	0.95	0.087	0.913	0.852	0.772
32	0.931	0.007	0.917	0.95	0.087	0.913	0.852	0.772
33	0.931	0.008	0.919	0.95	0.087	0.913	0.852	0.772
34	0.931	0.009	0.922	0.95	0.087	0.913	0.852	0.772
35	0.931	0.008	0.92	0.95	0.087	0.913	0.852	0.772
36	0.931	0.006	0.921	0.95	0.087	0.913	0.852	0.772
37	0.931	0.007	0.924	0.95	0.087	0.913	0.852	0.772
38	0.931	0.007	0.921	0.95	0.087	0.913	0.852	0.772
39	0.931	0.008	0.92	0.95	0.087	0.913	0.852	0.772
40	0.931	0.009	0.921	0.95	0.087	0.913	0.852	0.772
41	0.931	0.007	0.918	0.95	0.087	0.913	0.852	0.772
42	0.931	0.008	0.92	0.95	0.087	0.913	0.852	0.772
43	0.931	0.008	0.921	0.95	0.087	0.913	0.852	0.772
44	0.931	0.008	0.922	0.95	0.087	0.913	0.852	0.772
45	0.931	0.007	0.923	0.95	0.087	0.913	0.852	0.772
46	0.931	0.009	0.92	0.95	0.087	0.913	0.852	0.772
47	0.931	0.008	0.922	0.95	0.087	0.913	0.852	0.772
48	0.931	0.008	0.921	0.95	0.087	0.913	0.852	0.772
49	0.931	0.006	0.922	0.95	0.087	0.913	0.852	0.772
best individual: 	#c1: 65.24	#c2:29.88	#p1:60.45	#p2:122.52
evaluation: 
Correctly Classified Instances         157               92.8994 %
Incorrectly Classified Instances        12                7.1006 %
Kappa statistic                          0.8165
Total Cost                             393.9729
Average Cost                             2.3312
Mean absolute error                      0.1042
Root mean squared error                  0.223 
Relative absolute error                 29.0716 %
Root relative squared error             52.93   %
Total Number of Instances              169     

=== Detailed Accuracy By Class ===

               TP Rate   FP Rate   Precision   Recall  F-Measure   ROC Area  Class
                 0.974     0.085      0.776     0.974     0.864      0.986    van
                 0.915     0.026      0.992     0.915     0.952      0.986    remainder
Weighted Avg.    0.929     0.039      0.942     0.929     0.932      0.986


elite_count=1
mutation_rate=0.5
selection_strategy=RankSelection
dataset_path=in/08_vehicle_van_remainder_binary.arff
fitness_metric=GMMetric
crossover_points=4
selection_param=0.8
num_folds=5
population_count=25
number_of_generations=50
beta=0.5
cost_classifier=weka.classifiers.meta.CostSensitiveClassifier
use_reweight=false
base_classifier=weka.classifiers.lazy.IBk

	Fitness	SDev	Mean	TrueP	FalseP	TrueN	FMeas	Precision
0	0.929	0.096	0.843	0.925	0.068	0.932	0.863	0.809
1	0.931	0.049	0.886	0.95	0.087	0.913	0.852	0.772
2	0.931	0.04	0.897	0.95	0.087	0.913	0.852	0.772
3	0.931	0.015	0.911	0.95	0.087	0.913	0.852	0.772
4	0.931	0.012	0.916	0.95	0.087	0.913	0.852	0.772
5	0.931	0.01	0.917	0.95	0.087	0.913	0.852	0.772
6	0.931	0.007	0.918	0.95	0.087	0.913	0.852	0.772
7	0.931	0.005	0.92	0.95	0.087	0.913	0.852	0.772
8	0.931	0.006	0.923	0.95	0.087	0.913	0.852	0.772
9	0.931	0.007	0.922	0.95	0.087	0.913	0.852	0.772
10	0.931	0.007	0.921	0.95	0.087	0.913	0.852	0.772
11	0.931	0.007	0.92	0.95	0.087	0.913	0.852	0.772
12	0.931	0.008	0.919	0.95	0.087	0.913	0.852	0.772
13	0.931	0.009	0.918	0.95	0.087	0.913	0.852	0.772
14	0.931	0.007	0.92	0.95	0.087	0.913	0.852	0.772
15	0.931	0.007	0.916	0.95	0.087	0.913	0.852	0.772
16	0.931	0.008	0.919	0.95	0.087	0.913	0.852	0.772
17	0.931	0.007	0.92	0.95	0.087	0.913	0.852	0.772
18	0.931	0.007	0.918	0.95	0.087	0.913	0.852	0.772
19	0.931	0.01	0.92	0.95	0.087	0.913	0.852	0.772
20	0.931	0.008	0.921	0.95	0.087	0.913	0.852	0.772
21	0.931	0.006	0.918	0.95	0.087	0.913	0.852	0.772
22	0.931	0.008	0.919	0.95	0.087	0.913	0.852	0.772
23	0.931	0.009	0.918	0.95	0.087	0.913	0.852	0.772
24	0.931	0.008	0.919	0.95	0.087	0.913	0.852	0.772
25	0.931	0.007	0.92	0.95	0.087	0.913	0.852	0.772
26	0.931	0.007	0.921	0.95	0.087	0.913	0.852	0.772
27	0.931	0.007	0.92	0.95	0.087	0.913	0.852	0.772
28	0.931	0.008	0.918	0.95	0.087	0.913	0.852	0.772
29	0.931	0.008	0.92	0.95	0.087	0.913	0.852	0.772
30	0.931	0.008	0.918	0.95	0.087	0.913	0.852	0.772
31	0.931	0.008	0.923	0.95	0.087	0.913	0.852	0.772
32	0.931	0.008	0.921	0.95	0.087	0.913	0.852	0.772
33	0.931	0.008	0.92	0.95	0.087	0.913	0.852	0.772
34	0.931	0.008	0.918	0.95	0.087	0.913	0.852	0.772
35	0.931	0.008	0.922	0.95	0.087	0.913	0.852	0.772
36	0.931	0.009	0.919	0.95	0.087	0.913	0.852	0.772
37	0.931	0.008	0.917	0.95	0.087	0.913	0.852	0.772
38	0.931	0.009	0.917	0.95	0.087	0.913	0.852	0.772
39	0.931	0.008	0.919	0.95	0.087	0.913	0.852	0.772
40	0.931	0.008	0.921	0.95	0.087	0.913	0.852	0.772
41	0.931	0.009	0.92	0.95	0.087	0.913	0.852	0.772
42	0.931	0.01	0.922	0.95	0.087	0.913	0.852	0.772
43	0.931	0.009	0.919	0.95	0.087	0.913	0.852	0.772
44	0.931	0.008	0.918	0.95	0.087	0.913	0.852	0.772
45	0.931	0.009	0.919	0.95	0.087	0.913	0.852	0.772
46	0.931	0.009	0.917	0.95	0.087	0.913	0.852	0.772
47	0.931	0.01	0.918	0.95	0.087	0.913	0.852	0.772
48	0.931	0.009	0.917	0.95	0.087	0.913	0.852	0.772
49	0.931	0.009	0.923	0.95	0.087	0.913	0.852	0.772
best individual: 	#c1: 100.56	#c2:26.59	#p1:59.75	#p2:50.39
evaluation: 
Correctly Classified Instances         157               92.8994 %
Incorrectly Classified Instances        12                7.1006 %
Kappa statistic                          0.8165
Total Cost                             393.0419
Average Cost                             2.3257
Mean absolute error                      0.1118
Root mean squared error                  0.2522
Relative absolute error                 31.1839 %
Root relative squared error             59.8572 %
Total Number of Instances              169     

=== Detailed Accuracy By Class ===

               TP Rate   FP Rate   Precision   Recall  F-Measure   ROC Area  Class
                 0.974     0.085      0.776     0.974     0.864      0.988    van
                 0.915     0.026      0.992     0.915     0.952      0.983    remainder
Weighted Avg.    0.929     0.039      0.942     0.929     0.932      0.984


elite_count=1
mutation_rate=0.5
selection_strategy=RankSelection
dataset_path=in/08_vehicle_van_remainder_binary.arff
fitness_metric=BAccMetric
crossover_points=4
selection_param=0.8
num_folds=5
population_count=25
number_of_generations=50
beta=0.5
cost_classifier=weka.classifiers.meta.CostSensitiveClassifier
use_reweight=false
base_classifier=weka.classifiers.trees.J48

	Fitness	SDev	Mean	TrueP	FalseP	TrueN	FMeas	Precision
0	0.934	0.121	0.859	0.931	0.064	0.936	0.871	0.819
1	0.943	0.038	0.91	0.938	0.052	0.948	0.89	0.847
2	0.943	0.015	0.923	0.938	0.052	0.948	0.89	0.847
3	0.943	0.006	0.93	0.938	0.052	0.948	0.89	0.847
4	0.943	0.009	0.931	0.944	0.058	0.942	0.886	0.834
5	0.943	0.006	0.933	0.944	0.058	0.942	0.886	0.834
6	0.943	0.006	0.933	0.944	0.058	0.942	0.886	0.834
7	0.943	0.004	0.933	0.944	0.058	0.942	0.886	0.834
8	0.943	0.004	0.935	0.944	0.058	0.942	0.886	0.834
9	0.943	0.005	0.934	0.944	0.058	0.942	0.886	0.834
10	0.943	0.006	0.934	0.944	0.058	0.942	0.886	0.834
11	0.943	0.004	0.935	0.944	0.058	0.942	0.886	0.834
12	0.943	0.006	0.935	0.956	0.07	0.93	0.877	0.81
13	0.943	0.006	0.933	0.956	0.07	0.93	0.877	0.81
14	0.943	0.006	0.932	0.956	0.07	0.93	0.877	0.81
15	0.943	0.004	0.935	0.956	0.07	0.93	0.877	0.81
16	0.943	0.007	0.936	0.956	0.07	0.93	0.877	0.81
17	0.943	0.005	0.934	0.956	0.07	0.93	0.877	0.81
18	0.943	0.005	0.933	0.956	0.07	0.93	0.877	0.81
19	0.943	0.005	0.934	0.956	0.07	0.93	0.877	0.81
20	0.943	0.005	0.934	0.956	0.07	0.93	0.877	0.81
21	0.943	0.005	0.935	0.956	0.07	0.93	0.877	0.81
22	0.945	0.006	0.933	0.944	0.054	0.946	0.891	0.844
23	0.945	0.006	0.933	0.944	0.054	0.946	0.891	0.844
24	0.945	0.006	0.934	0.944	0.054	0.946	0.891	0.844
25	0.945	0.007	0.936	0.944	0.054	0.946	0.891	0.844
26	0.945	0.007	0.933	0.944	0.054	0.946	0.891	0.844
27	0.945	0.005	0.937	0.944	0.054	0.946	0.891	0.844
28	0.945	0.005	0.936	0.944	0.054	0.946	0.891	0.844
29	0.945	0.004	0.934	0.944	0.054	0.946	0.891	0.844
30	0.945	0.006	0.936	0.962	0.072	0.928	0.877	0.806
31	0.945	0.005	0.935	0.962	0.072	0.928	0.877	0.806
32	0.945	0.005	0.933	0.962	0.072	0.928	0.877	0.806
33	0.945	0.006	0.936	0.962	0.072	0.928	0.877	0.806
34	0.945	0.005	0.932	0.962	0.072	0.928	0.877	0.806
35	0.945	0.005	0.934	0.962	0.072	0.928	0.877	0.806
36	0.945	0.004	0.935	0.962	0.072	0.928	0.877	0.806
37	0.945	0.006	0.935	0.962	0.072	0.928	0.877	0.806
38	0.945	0.008	0.934	0.962	0.072	0.928	0.877	0.806
39	0.945	0.004	0.934	0.962	0.072	0.928	0.877	0.806
40	0.945	0.008	0.935	0.962	0.072	0.928	0.877	0.806
41	0.945	0.006	0.935	0.962	0.072	0.928	0.877	0.806
42	0.945	0.004	0.934	0.962	0.072	0.928	0.877	0.806
43	0.945	0.004	0.936	0.962	0.072	0.928	0.877	0.806
44	0.945	0.008	0.934	0.962	0.072	0.928	0.877	0.806
45	0.945	0.005	0.936	0.962	0.072	0.928	0.877	0.806
46	0.945	0.008	0.933	0.962	0.072	0.928	0.877	0.806
47	0.945	0.006	0.935	0.962	0.072	0.928	0.877	0.806
48	0.945	0.006	0.934	0.962	0.072	0.928	0.877	0.806
49	0.945	0.005	0.934	0.962	0.072	0.928	0.877	0.806
best individual: 	#c1: 13.46	#c2:6.5	#p1:1.95	#p2:127.24
evaluation: 
Correctly Classified Instances         155               91.716  %
Incorrectly Classified Instances        14                8.284  %
Kappa statistic                          0.7786
Total Cost                             118.8533
Average Cost                             0.7033
Mean absolute error                      0.0943
Root mean squared error                  0.2602
Relative absolute error                 26.3143 %
Root relative squared error             61.7402 %
Total Number of Instances              169     

=== Detailed Accuracy By Class ===

               TP Rate   FP Rate   Precision   Recall  F-Measure   ROC Area  Class
                 0.897     0.077      0.778     0.897     0.833      0.958    van
                 0.923     0.103      0.968     0.923     0.945      0.958    remainder
Weighted Avg.    0.917     0.097      0.924     0.917     0.919      0.958


elite_count=1
mutation_rate=0.5
selection_strategy=RankSelection
dataset_path=in/08_vehicle_van_remainder_binary.arff
fitness_metric=GMMetric
crossover_points=4
selection_param=0.8
num_folds=5
population_count=25
number_of_generations=50
beta=0.5
cost_classifier=weka.classifiers.meta.CostSensitiveClassifier
use_reweight=false
base_classifier=weka.classifiers.trees.J48

	Fitness	SDev	Mean	TrueP	FalseP	TrueN	FMeas	Precision
0	0.944	0.019	0.919	0.944	0.056	0.944	0.888	0.839
1	0.944	0.008	0.925	0.944	0.056	0.944	0.888	0.839
2	0.944	0.021	0.923	0.944	0.056	0.944	0.888	0.839
3	0.944	0.01	0.925	0.944	0.056	0.944	0.888	0.839
4	0.944	0.008	0.932	0.944	0.056	0.944	0.888	0.839
5	0.944	0.007	0.931	0.944	0.056	0.944	0.888	0.839
6	0.944	0.007	0.932	0.944	0.056	0.944	0.888	0.839
7	0.944	0.008	0.932	0.944	0.056	0.944	0.888	0.839
8	0.944	0.007	0.931	0.944	0.056	0.944	0.888	0.839
9	0.944	0.008	0.928	0.944	0.056	0.944	0.888	0.839
10	0.944	0.007	0.93	0.944	0.056	0.944	0.888	0.839
11	0.944	0.007	0.931	0.944	0.056	0.944	0.888	0.839
12	0.944	0.006	0.93	0.944	0.056	0.944	0.888	0.839
13	0.944	0.006	0.931	0.944	0.056	0.944	0.888	0.839
14	0.944	0.007	0.934	0.944	0.056	0.944	0.888	0.839
15	0.944	0.007	0.932	0.944	0.056	0.944	0.888	0.839
16	0.944	0.006	0.932	0.944	0.056	0.944	0.888	0.839
17	0.944	0.007	0.931	0.944	0.056	0.944	0.888	0.839
18	0.944	0.007	0.932	0.944	0.056	0.944	0.888	0.839
19	0.944	0.006	0.931	0.944	0.056	0.944	0.888	0.839
20	0.944	0.007	0.932	0.944	0.056	0.944	0.888	0.839
21	0.945	0.007	0.931	0.944	0.054	0.946	0.891	0.844
22	0.945	0.007	0.932	0.944	0.054	0.946	0.891	0.844
23	0.945	0.006	0.933	0.944	0.054	0.946	0.891	0.844
24	0.945	0.007	0.933	0.944	0.054	0.946	0.891	0.844
25	0.945	0.007	0.935	0.962	0.072	0.928	0.877	0.806
26	0.945	0.007	0.933	0.962	0.072	0.928	0.877	0.806
27	0.945	0.007	0.933	0.962	0.072	0.928	0.877	0.806
28	0.945	0.006	0.933	0.962	0.072	0.928	0.877	0.806
29	0.945	0.007	0.933	0.962	0.072	0.928	0.877	0.806
30	0.945	0.005	0.932	0.962	0.072	0.928	0.877	0.806
31	0.945	0.007	0.933	0.962	0.072	0.928	0.877	0.806
32	0.945	0.006	0.933	0.962	0.072	0.928	0.877	0.806
33	0.945	0.006	0.935	0.962	0.072	0.928	0.877	0.806
34	0.945	0.006	0.934	0.962	0.072	0.928	0.877	0.806
35	0.945	0.007	0.935	0.962	0.072	0.928	0.877	0.806
36	0.945	0.006	0.933	0.962	0.072	0.928	0.877	0.806
37	0.945	0.007	0.934	0.962	0.072	0.928	0.877	0.806
38	0.945	0.007	0.934	0.962	0.072	0.928	0.877	0.806
39	0.945	0.006	0.933	0.962	0.072	0.928	0.877	0.806
40	0.945	0.007	0.935	0.962	0.072	0.928	0.877	0.806
41	0.945	0.007	0.932	0.962	0.072	0.928	0.877	0.806
42	0.945	0.007	0.934	0.962	0.072	0.928	0.877	0.806
43	0.945	0.006	0.935	0.962	0.072	0.928	0.877	0.806
44	0.945	0.007	0.935	0.962	0.072	0.928	0.877	0.806
45	0.945	0.007	0.931	0.962	0.072	0.928	0.877	0.806
46	0.945	0.006	0.933	0.962	0.072	0.928	0.877	0.806
47	0.945	0.008	0.931	0.962	0.072	0.928	0.877	0.806
48	0.945	0.005	0.931	0.962	0.072	0.928	0.877	0.806
49	0.945	0.006	0.935	0.962	0.072	0.928	0.877	0.806
best individual: 	#c1: 105.95	#c2:17.74	#p1:86.26	#p2:75.03
evaluation: 
Correctly Classified Instances         159               94.0828 %
Incorrectly Classified Instances        10                5.9172 %
Kappa statistic                          0.8333
Total Cost                             618.4447
Average Cost                             3.6594
Mean absolute error                      0.0733
Root mean squared error                  0.2405
Relative absolute error                 20.4502 %
Root relative squared error             57.0846 %
Total Number of Instances              169     

=== Detailed Accuracy By Class ===

               TP Rate   FP Rate   Precision   Recall  F-Measure   ROC Area  Class
                 0.872     0.038      0.872     0.872     0.872      0.92     van
                 0.962     0.128      0.962     0.962     0.962      0.92     remainder
Weighted Avg.    0.941     0.107      0.941     0.941     0.941      0.92 


elite_count=1
mutation_rate=0.5
selection_strategy=RankSelection
dataset_path=in/08_vehicle_van_remainder_binary.arff
fitness_metric=BAccMetric
crossover_points=4
selection_param=0.8
num_folds=5
population_count=25
number_of_generations=50
beta=0.5
cost_classifier=weka.classifiers.meta.CostSensitiveClassifier
use_reweight=false
base_classifier=weka.classifiers.bayes.NaiveBayes

	Fitness	SDev	Mean	TrueP	FalseP	TrueN	FMeas	Precision
0	0.774	0.018	0.738	0.994	0.445	0.555	0.579	0.409
1	0.776	0.017	0.745	1	0.449	0.551	0.58	0.408
2	0.776	0.016	0.755	1	0.449	0.551	0.58	0.408
3	0.776	0.014	0.761	1	0.449	0.551	0.58	0.408
4	0.776	0.011	0.768	1	0.449	0.551	0.58	0.408
5	0.776	0.004	0.773	1	0.449	0.551	0.58	0.408
6	0.776	0.001	0.774	1	0.449	0.551	0.58	0.408
7	0.776	0.001	0.774	1	0.449	0.551	0.58	0.408
8	0.776	0.001	0.774	1	0.449	0.551	0.58	0.408
9	0.776	0.001	0.774	1	0.449	0.551	0.58	0.408
10	0.776	0.001	0.774	1	0.449	0.551	0.58	0.408
11	0.776	0.001	0.774	1	0.449	0.551	0.58	0.408
12	0.776	0.001	0.774	1	0.449	0.551	0.58	0.408
13	0.776	0.001	0.774	1	0.449	0.551	0.58	0.408
14	0.776	0.001	0.774	1	0.449	0.551	0.58	0.408
15	0.776	0.001	0.774	1	0.449	0.551	0.58	0.408
16	0.776	0.001	0.774	1	0.449	0.551	0.58	0.408
17	0.776	0.001	0.774	1	0.449	0.551	0.58	0.408
18	0.776	0.001	0.774	1	0.449	0.551	0.58	0.408
19	0.776	0.001	0.774	1	0.449	0.551	0.58	0.408
20	0.776	0.001	0.774	1	0.449	0.551	0.58	0.408
21	0.776	0.001	0.774	1	0.449	0.551	0.58	0.408
22	0.776	0.001	0.774	1	0.449	0.551	0.58	0.408
23	0.776	0.001	0.774	1	0.449	0.551	0.58	0.408
24	0.776	0.001	0.774	1	0.449	0.551	0.58	0.408
25	0.776	0.001	0.774	1	0.449	0.551	0.58	0.408
26	0.776	0.001	0.774	1	0.449	0.551	0.58	0.408
27	0.776	0.001	0.774	1	0.449	0.551	0.58	0.408
28	0.776	0.001	0.774	1	0.449	0.551	0.58	0.408
29	0.776	0.001	0.774	1	0.449	0.551	0.58	0.408
30	0.776	0.001	0.774	1	0.449	0.551	0.58	0.408
31	0.776	0.001	0.774	1	0.449	0.551	0.58	0.408
32	0.776	0.001	0.774	1	0.449	0.551	0.58	0.408
33	0.776	0.001	0.774	1	0.449	0.551	0.58	0.408
34	0.776	0.001	0.774	1	0.449	0.551	0.58	0.408
35	0.776	0.001	0.774	1	0.449	0.551	0.58	0.408
36	0.776	0.001	0.774	1	0.449	0.551	0.58	0.408
37	0.776	0.001	0.774	1	0.449	0.551	0.58	0.408
38	0.776	0.001	0.774	1	0.449	0.551	0.58	0.408
39	0.776	0.001	0.774	1	0.449	0.551	0.58	0.408
40	0.776	0.001	0.774	1	0.449	0.551	0.58	0.408
41	0.776	0.001	0.774	1	0.449	0.551	0.58	0.408
42	0.776	0.001	0.774	1	0.449	0.551	0.58	0.408
43	0.776	0.001	0.774	1	0.449	0.551	0.58	0.408
44	0.776	0.001	0.774	1	0.449	0.551	0.58	0.408
45	0.776	0.001	0.774	1	0.449	0.551	0.58	0.408
46	0.776	0.001	0.774	1	0.449	0.551	0.58	0.408
47	0.776	0.001	0.774	1	0.449	0.551	0.58	0.408
48	0.776	0.001	0.774	1	0.449	0.551	0.58	0.408
49	0.776	0.001	0.774	1	0.449	0.551	0.58	0.408
best individual: 	#c1: 80.58	#c2:1.13	#p1:5.28	#p2:109.06
evaluation: 
Correctly Classified Instances         106               62.7219 %
Incorrectly Classified Instances        63               37.2781 %
Kappa statistic                          0.3292
Total Cost                              71.2365
Average Cost                             0.4215
Mean absolute error                      0.3734
Root mean squared error                  0.6022
Relative absolute error                104.1792 %
Root relative squared error            142.9254 %
Total Number of Instances              169     

=== Detailed Accuracy By Class ===

               TP Rate   FP Rate   Precision   Recall  F-Measure   ROC Area  Class
                 1         0.485      0.382     1         0.553      0.807    van
                 0.515     0          1         0.515     0.68       0.807    remainder
Weighted Avg.    0.627     0.112      0.857     0.627     0.651      0.807


elite_count=1
mutation_rate=0.5
selection_strategy=RankSelection
dataset_path=in/08_vehicle_van_remainder_binary.arff
fitness_metric=GMMetric
crossover_points=4
selection_param=0.8
num_folds=5
population_count=25
number_of_generations=50
beta=0.5
cost_classifier=weka.classifiers.meta.CostSensitiveClassifier
use_reweight=false
base_classifier=weka.classifiers.bayes.NaiveBayes

	Fitness	SDev	Mean	TrueP	FalseP	TrueN	FMeas	Precision
0	0.736	0.008	0.719	0.95	0.429	0.571	0.569	0.406
1	0.736	0.007	0.724	0.944	0.426	0.574	0.569	0.407
2	0.738	0.005	0.729	0.95	0.427	0.573	0.57	0.408
3	0.738	0.006	0.73	0.95	0.427	0.573	0.57	0.408
4	0.738	0.003	0.733	0.95	0.427	0.573	0.57	0.408
5	0.738	0.002	0.734	0.95	0.427	0.573	0.57	0.408
6	0.738	0.002	0.734	0.95	0.427	0.573	0.57	0.408
7	0.738	0.003	0.733	0.95	0.427	0.573	0.57	0.408
8	0.738	0.003	0.733	0.95	0.427	0.573	0.57	0.408
9	0.738	0.003	0.733	0.95	0.427	0.573	0.57	0.408
10	0.738	0.002	0.734	0.95	0.427	0.573	0.57	0.408
11	0.738	0.003	0.734	0.95	0.427	0.573	0.57	0.408
12	0.738	0.003	0.733	0.95	0.427	0.573	0.57	0.408
13	0.738	0.003	0.734	0.95	0.427	0.573	0.57	0.408
14	0.738	0.003	0.734	0.95	0.427	0.573	0.57	0.408
15	0.738	0.002	0.734	0.95	0.427	0.573	0.57	0.408
16	0.738	0.003	0.733	0.95	0.427	0.573	0.57	0.408
17	0.738	0.003	0.734	0.95	0.427	0.573	0.57	0.408
18	0.738	0.002	0.734	0.95	0.427	0.573	0.57	0.408
19	0.738	0.003	0.734	0.95	0.427	0.573	0.57	0.408
20	0.738	0.002	0.734	0.95	0.427	0.573	0.57	0.408
21	0.738	0.002	0.734	0.95	0.427	0.573	0.57	0.408
22	0.738	0.002	0.735	0.95	0.427	0.573	0.57	0.408
23	0.738	0.002	0.735	0.95	0.427	0.573	0.57	0.408
24	0.738	0.002	0.734	0.95	0.427	0.573	0.57	0.408
25	0.738	0.002	0.735	0.95	0.427	0.573	0.57	0.408
26	0.738	0.003	0.734	0.95	0.427	0.573	0.57	0.408
27	0.738	0.002	0.734	0.95	0.427	0.573	0.57	0.408
28	0.738	0.002	0.734	0.95	0.427	0.573	0.57	0.408
29	0.738	0.003	0.734	0.95	0.427	0.573	0.57	0.408
30	0.738	0.002	0.734	0.95	0.427	0.573	0.57	0.408
31	0.738	0.002	0.733	0.95	0.427	0.573	0.57	0.408
32	0.738	0.002	0.734	0.95	0.427	0.573	0.57	0.408
33	0.738	0.003	0.733	0.95	0.427	0.573	0.57	0.408
34	0.738	0.003	0.733	0.95	0.427	0.573	0.57	0.408
35	0.738	0.003	0.734	0.95	0.427	0.573	0.57	0.408
36	0.738	0.003	0.734	0.95	0.427	0.573	0.57	0.408
37	0.738	0.002	0.734	0.95	0.427	0.573	0.57	0.408
38	0.738	0.002	0.734	0.95	0.427	0.573	0.57	0.408
39	0.738	0.002	0.733	0.95	0.427	0.573	0.57	0.408
40	0.738	0.003	0.734	0.95	0.427	0.573	0.57	0.408
41	0.738	0.003	0.734	0.95	0.427	0.573	0.57	0.408
42	0.738	0.003	0.734	0.95	0.427	0.573	0.57	0.408
43	0.738	0.002	0.734	0.95	0.427	0.573	0.57	0.408
44	0.738	0.003	0.734	0.95	0.427	0.573	0.57	0.408
45	0.738	0.002	0.734	0.95	0.427	0.573	0.57	0.408
46	0.738	0.003	0.735	0.95	0.427	0.573	0.57	0.408
47	0.738	0.002	0.734	0.95	0.427	0.573	0.57	0.408
48	0.738	0.002	0.734	0.95	0.427	0.573	0.57	0.408
49	0.738	0.003	0.733	0.95	0.427	0.573	0.57	0.408
best individual: 	#c1: 78.92	#c2:12.76	#p1:123.64	#p2:113.61
evaluation: 
Correctly Classified Instances         109               64.497  %
Incorrectly Classified Instances        60               35.503  %
Kappa statistic                          0.35  
Total Cost                             765.6105
Average Cost                             4.5302
Mean absolute error                      0.3529
Root mean squared error                  0.5778
Relative absolute error                 98.4429 %
Root relative squared error            137.1275 %
Total Number of Instances              169     

=== Detailed Accuracy By Class ===

               TP Rate   FP Rate   Precision   Recall  F-Measure   ROC Area  Class
                 1         0.462      0.394     1         0.565      0.807    van
                 0.538     0          1         0.538     0.7        0.807    remainder
Weighted Avg.    0.645     0.107      0.86      0.645     0.669      0.807


elite_count=1
mutation_rate=0.5
selection_strategy=RankSelection
dataset_path=in/08_vehicle_van_remainder_binary.arff
fitness_metric=BAccMetric
crossover_points=4
selection_param=0.8
num_folds=5
population_count=25
number_of_generations=50
beta=0.5
cost_classifier=weka.classifiers.meta.CostSensitiveClassifier
use_reweight=false
base_classifier=weka.classifiers.meta.AdaBoostM1

	Fitness	SDev	Mean	TrueP	FalseP	TrueN	FMeas	Precision
0	0.919	0.178	0.686	0.938	0.099	0.901	0.831	0.746
1	0.927	0.156	0.784	0.981	0.128	0.872	0.82	0.704
2	0.929	0.114	0.836	0.906	0.048	0.952	0.879	0.853
3	0.937	0.073	0.875	0.912	0.039	0.961	0.896	0.88
4	0.937	0.029	0.903	0.912	0.039	0.961	0.896	0.88
5	0.94	0.027	0.905	0.981	0.101	0.899	0.851	0.751
6	0.94	0.018	0.906	0.981	0.101	0.899	0.851	0.751
7	0.94	0.022	0.909	0.981	0.101	0.899	0.851	0.751
8	0.941	0.03	0.907	0.981	0.099	0.901	0.853	0.755
9	0.941	0.04	0.899	0.981	0.099	0.901	0.853	0.755
10	0.941	0.019	0.909	0.981	0.099	0.901	0.853	0.755
11	0.941	0.018	0.914	0.981	0.099	0.901	0.853	0.755
12	0.941	0.018	0.91	0.981	0.099	0.901	0.853	0.755
13	0.941	0.016	0.912	0.981	0.099	0.901	0.853	0.755
14	0.941	0.018	0.912	0.981	0.099	0.901	0.853	0.755
15	0.941	0.02	0.911	0.981	0.099	0.901	0.853	0.755
16	0.941	0.019	0.913	0.981	0.099	0.901	0.853	0.755
17	0.941	0.02	0.915	0.981	0.099	0.901	0.853	0.755
18	0.941	0.023	0.91	0.981	0.099	0.901	0.853	0.755
19	0.941	0.015	0.913	0.981	0.099	0.901	0.853	0.755
20	0.941	0.013	0.919	0.981	0.099	0.901	0.853	0.755
21	0.941	0.012	0.917	0.981	0.099	0.901	0.853	0.755
22	0.941	0.018	0.909	0.981	0.099	0.901	0.853	0.755
23	0.941	0.014	0.918	0.981	0.099	0.901	0.853	0.755
24	0.941	0.024	0.91	0.981	0.099	0.901	0.853	0.755
25	0.941	0.016	0.915	0.981	0.099	0.901	0.853	0.755
26	0.941	0.018	0.912	0.981	0.099	0.901	0.853	0.755
27	0.941	0.016	0.916	0.981	0.099	0.901	0.853	0.755
28	0.941	0.021	0.911	0.981	0.099	0.901	0.853	0.755
29	0.941	0.026	0.911	0.981	0.099	0.901	0.853	0.755
30	0.941	0.018	0.914	0.981	0.099	0.901	0.853	0.755
31	0.943	0.021	0.912	0.988	0.101	0.899	0.854	0.752
32	0.943	0.017	0.908	0.988	0.101	0.899	0.854	0.752
33	0.943	0.02	0.912	0.988	0.101	0.899	0.854	0.752
34	0.943	0.017	0.911	0.988	0.101	0.899	0.854	0.752
35	0.943	0.034	0.899	0.988	0.101	0.899	0.854	0.752
36	0.943	0.015	0.912	0.988	0.101	0.899	0.854	0.752
37	0.943	0.018	0.913	0.988	0.101	0.899	0.854	0.752
38	0.943	0.028	0.904	0.988	0.101	0.899	0.854	0.752
39	0.943	0.018	0.915	0.988	0.101	0.899	0.854	0.752
40	0.943	0.019	0.911	0.988	0.101	0.899	0.854	0.752
41	0.943	0.013	0.918	0.988	0.101	0.899	0.854	0.752
42	0.943	0.017	0.914	0.988	0.101	0.899	0.854	0.752
43	0.943	0.015	0.912	0.988	0.101	0.899	0.854	0.752
44	0.943	0.021	0.915	0.988	0.101	0.899	0.854	0.752
45	0.943	0.017	0.914	0.988	0.101	0.899	0.854	0.752
46	0.943	0.016	0.913	0.988	0.101	0.899	0.854	0.752
47	0.943	0.017	0.911	0.988	0.101	0.899	0.854	0.752
48	0.943	0.016	0.912	0.988	0.101	0.899	0.854	0.752
49	0.943	0.017	0.914	0.988	0.101	0.899	0.854	0.752
best individual: 	#c1: 86.29	#c2:25.69	#p1:85.03	#p2:62.51
evaluation: 
Correctly Classified Instances         154               91.1243 %
Incorrectly Classified Instances        15                8.8757 %
Kappa statistic                          0.7687
Total Cost                             567.2058
Average Cost                             3.3562
Mean absolute error                      0.1754
Root mean squared error                  0.2716
Relative absolute error                 48.9242 %
Root relative squared error             64.4675 %
Total Number of Instances              169     

=== Detailed Accuracy By Class ===

               TP Rate   FP Rate   Precision   Recall  F-Measure   ROC Area  Class
                 0.923     0.092      0.75      0.923     0.828      0.959    van
                 0.908     0.077      0.975     0.908     0.94       0.959    remainder
Weighted Avg.    0.911     0.08       0.923     0.911     0.914      0.959


elite_count=1
mutation_rate=0.5
selection_strategy=RankSelection
dataset_path=in/08_vehicle_van_remainder_binary.arff
fitness_metric=GMMetric
crossover_points=4
selection_param=0.8
num_folds=5
population_count=25
number_of_generations=50
beta=0.5
cost_classifier=weka.classifiers.meta.CostSensitiveClassifier
use_reweight=false
base_classifier=weka.classifiers.meta.AdaBoostM1

	Fitness	SDev	Mean	TrueP	FalseP	TrueN	FMeas	Precision
0	0.917	0.359	0.457	0.969	0.132	0.868	0.809	0.695
1	0.933	0.395	0.532	0.962	0.095	0.905	0.848	0.759
2	0.935	0.311	0.707	0.956	0.085	0.915	0.857	0.777
3	0.937	0.146	0.846	0.938	0.064	0.936	0.875	0.82
4	0.94	0.19	0.83	0.944	0.064	0.936	0.878	0.821
5	0.94	0.033	0.913	0.944	0.064	0.936	0.878	0.821
6	0.948	0.011	0.928	0.956	0.06	0.94	0.89	0.832
7	0.949	0.014	0.925	0.969	0.07	0.93	0.883	0.812
8	0.949	0.014	0.924	0.969	0.07	0.93	0.883	0.812
9	0.949	0.015	0.925	0.969	0.07	0.93	0.883	0.812
10	0.949	0.022	0.926	0.969	0.07	0.93	0.883	0.812
11	0.949	0.012	0.926	0.969	0.07	0.93	0.883	0.812
12	0.949	0.01	0.927	0.969	0.07	0.93	0.883	0.812
13	0.949	0.011	0.926	0.969	0.07	0.93	0.883	0.812
14	0.949	0.011	0.929	0.969	0.07	0.93	0.883	0.812
15	0.949	0.01	0.928	0.969	0.07	0.93	0.883	0.812
16	0.949	0.025	0.926	0.969	0.07	0.93	0.883	0.812
17	0.949	0.019	0.925	0.969	0.07	0.93	0.883	0.812
18	0.949	0.013	0.923	0.969	0.07	0.93	0.883	0.812
19	0.95	0.024	0.923	0.975	0.074	0.926	0.881	0.804
20	0.95	0.008	0.931	0.975	0.074	0.926	0.881	0.804
21	0.95	0.021	0.926	0.975	0.074	0.926	0.881	0.804
22	0.95	0.011	0.925	0.975	0.074	0.926	0.881	0.804
23	0.952	0.01	0.928	0.969	0.064	0.936	0.891	0.824
24	0.952	0.008	0.926	0.969	0.064	0.936	0.891	0.824
25	0.952	0.013	0.924	0.969	0.064	0.936	0.891	0.824
26	0.952	0.023	0.921	0.969	0.064	0.936	0.891	0.824
27	0.952	0.012	0.928	0.969	0.064	0.936	0.891	0.824
28	0.952	0.012	0.923	0.969	0.064	0.936	0.891	0.824
29	0.952	0.014	0.927	0.969	0.064	0.936	0.891	0.824
30	0.952	0.014	0.925	0.969	0.064	0.936	0.891	0.824
31	0.952	0.012	0.925	0.969	0.064	0.936	0.891	0.824
32	0.952	0.014	0.924	0.969	0.064	0.936	0.891	0.824
33	0.952	0.017	0.925	0.969	0.064	0.936	0.891	0.824
34	0.952	0.014	0.928	0.969	0.064	0.936	0.891	0.824
35	0.952	0.024	0.923	0.969	0.064	0.936	0.891	0.824
36	0.952	0.023	0.926	0.969	0.064	0.936	0.891	0.824
37	0.952	0.015	0.925	0.969	0.064	0.936	0.891	0.824
38	0.952	0.017	0.924	0.969	0.064	0.936	0.891	0.824
39	0.952	0.012	0.926	0.969	0.064	0.936	0.891	0.824
40	0.952	0.019	0.925	0.969	0.064	0.936	0.891	0.824
41	0.952	0.014	0.928	0.969	0.064	0.936	0.891	0.824
42	0.952	0.015	0.927	0.969	0.064	0.936	0.891	0.824
43	0.952	0.015	0.926	0.969	0.064	0.936	0.891	0.824
44	0.952	0.021	0.92	0.969	0.064	0.936	0.891	0.824
45	0.952	0.029	0.919	0.969	0.064	0.936	0.891	0.824
46	0.952	0.022	0.924	0.969	0.064	0.936	0.891	0.824
47	0.952	0.012	0.926	0.969	0.064	0.936	0.891	0.824
48	0.952	0.01	0.931	0.969	0.064	0.936	0.891	0.824
49	0.952	0.014	0.929	0.969	0.064	0.936	0.891	0.824
best individual: 	#c1: 47.31	#c2:17.95	#p1:97.81	#p2:122.99
evaluation: 
Correctly Classified Instances         160               94.6746 %
Incorrectly Classified Instances         9                5.3254 %
Kappa statistic                          0.8539
Total Cost                             249.6361
Average Cost                             1.4771
Mean absolute error                      0.1068
Root mean squared error                  0.213 
Relative absolute error                 29.7824 %
Root relative squared error             50.5393 %
Total Number of Instances              169     

=== Detailed Accuracy By Class ===

               TP Rate   FP Rate   Precision   Recall  F-Measure   ROC Area  Class
                 0.923     0.046      0.857     0.923     0.889      0.984    van
                 0.954     0.077      0.976     0.954     0.965      0.984    remainder
Weighted Avg.    0.947     0.07       0.949     0.947     0.947      0.984


elite_count=1
mutation_rate=0.5
selection_strategy=TournamentSelection
dataset_path=in/08_vehicle_van_remainder_binary.arff
fitness_metric=BAccMetric
crossover_points=4
selection_param=0.8
num_folds=5
population_count=25
number_of_generations=50
beta=0.5
cost_classifier=weka.classifiers.meta.CostSensitiveClassifier
use_reweight=false
base_classifier=weka.classifiers.lazy.IBk

	Fitness	SDev	Mean	TrueP	FalseP	TrueN	FMeas	Precision
0	0.929	0.088	0.861	0.925	0.068	0.932	0.863	0.809
1	0.931	0.044	0.887	0.95	0.087	0.913	0.852	0.772
2	0.931	0.036	0.895	0.95	0.087	0.913	0.852	0.772
3	0.931	0.037	0.899	0.95	0.087	0.913	0.852	0.772
4	0.931	0.026	0.911	0.95	0.087	0.913	0.852	0.772
5	0.931	0.026	0.908	0.95	0.087	0.913	0.852	0.772
6	0.931	0.021	0.915	0.95	0.087	0.913	0.852	0.772
7	0.931	0.012	0.918	0.95	0.087	0.913	0.852	0.772
8	0.931	0.008	0.921	0.95	0.087	0.913	0.852	0.772
9	0.931	0.008	0.918	0.95	0.087	0.913	0.852	0.772
10	0.931	0.008	0.919	0.95	0.087	0.913	0.852	0.772
11	0.931	0.007	0.921	0.95	0.087	0.913	0.852	0.772
12	0.931	0.008	0.92	0.95	0.087	0.913	0.852	0.772
13	0.931	0.007	0.919	0.95	0.087	0.913	0.852	0.772
14	0.931	0.007	0.919	0.95	0.087	0.913	0.852	0.772
15	0.931	0.008	0.921	0.95	0.087	0.913	0.852	0.772
16	0.931	0.008	0.921	0.95	0.087	0.913	0.852	0.772
17	0.931	0.008	0.923	0.95	0.087	0.913	0.852	0.772
18	0.931	0.007	0.922	0.95	0.087	0.913	0.852	0.772
19	0.931	0.007	0.922	0.95	0.087	0.913	0.852	0.772
20	0.931	0.008	0.922	0.95	0.087	0.913	0.852	0.772
21	0.931	0.008	0.922	0.95	0.087	0.913	0.852	0.772
22	0.931	0.008	0.923	0.95	0.087	0.913	0.852	0.772
23	0.931	0.008	0.923	0.95	0.087	0.913	0.852	0.772
24	0.931	0.008	0.919	0.95	0.087	0.913	0.852	0.772
25	0.931	0.007	0.923	0.95	0.087	0.913	0.852	0.772
26	0.931	0.009	0.919	0.95	0.087	0.913	0.852	0.772
27	0.931	0.008	0.922	0.95	0.087	0.913	0.852	0.772
28	0.931	0.007	0.921	0.95	0.087	0.913	0.852	0.772
29	0.931	0.009	0.923	0.95	0.087	0.913	0.852	0.772
30	0.931	0.006	0.922	0.95	0.087	0.913	0.852	0.772
31	0.931	0.008	0.919	0.95	0.087	0.913	0.852	0.772
32	0.931	0.008	0.923	0.95	0.087	0.913	0.852	0.772
33	0.931	0.006	0.922	0.95	0.087	0.913	0.852	0.772
34	0.931	0.009	0.918	0.95	0.087	0.913	0.852	0.772
35	0.931	0.007	0.923	0.95	0.087	0.913	0.852	0.772
36	0.931	0.009	0.921	0.95	0.087	0.913	0.852	0.772
37	0.931	0.006	0.922	0.95	0.087	0.913	0.852	0.772
38	0.931	0.009	0.92	0.95	0.087	0.913	0.852	0.772
39	0.931	0.009	0.92	0.95	0.087	0.913	0.852	0.772
40	0.931	0.007	0.92	0.95	0.087	0.913	0.852	0.772
41	0.931	0.006	0.92	0.95	0.087	0.913	0.852	0.772
42	0.931	0.006	0.922	0.95	0.087	0.913	0.852	0.772
43	0.931	0.006	0.918	0.95	0.087	0.913	0.852	0.772
44	0.931	0.01	0.922	0.95	0.087	0.913	0.852	0.772
45	0.931	0.008	0.924	0.95	0.087	0.913	0.852	0.772
46	0.931	0.008	0.921	0.95	0.087	0.913	0.852	0.772
47	0.931	0.008	0.92	0.95	0.087	0.913	0.852	0.772
48	0.931	0.009	0.922	0.95	0.087	0.913	0.852	0.772
49	0.931	0.007	0.92	0.95	0.087	0.913	0.852	0.772
best individual: 	#c1: 91.71	#c2:30.61	#p1:62.29	#p2:96.74
evaluation: 
Correctly Classified Instances         157               92.8994 %
Incorrectly Classified Instances        12                7.1006 %
Kappa statistic                          0.8165
Total Cost                             428.4195
Average Cost                             2.535 
Mean absolute error                      0.1083
Root mean squared error                  0.2388
Relative absolute error                 30.204  %
Root relative squared error             56.6718 %
Total Number of Instances              169     

=== Detailed Accuracy By Class ===

               TP Rate   FP Rate   Precision   Recall  F-Measure   ROC Area  Class
                 0.974     0.085      0.776     0.974     0.864      0.983    van
                 0.915     0.026      0.992     0.915     0.952      0.988    remainder
Weighted Avg.    0.929     0.039      0.942     0.929     0.932      0.987


elite_count=1
mutation_rate=0.5
selection_strategy=TournamentSelection
dataset_path=in/08_vehicle_van_remainder_binary.arff
fitness_metric=GMMetric
crossover_points=4
selection_param=0.8
num_folds=5
population_count=25
number_of_generations=50
beta=0.5
cost_classifier=weka.classifiers.meta.CostSensitiveClassifier
use_reweight=false
base_classifier=weka.classifiers.lazy.IBk

	Fitness	SDev	Mean	TrueP	FalseP	TrueN	FMeas	Precision
0	0.925	0.099	0.84	0.912	0.062	0.938	0.864	0.82
1	0.931	0.032	0.895	0.95	0.087	0.913	0.852	0.772
2	0.931	0.03	0.89	0.95	0.087	0.913	0.852	0.772
3	0.931	0.025	0.905	0.95	0.087	0.913	0.852	0.772
4	0.931	0.043	0.894	0.95	0.087	0.913	0.852	0.772
5	0.931	0.028	0.906	0.95	0.087	0.913	0.852	0.772
6	0.931	0.024	0.915	0.95	0.087	0.913	0.852	0.772
7	0.931	0.022	0.914	0.95	0.087	0.913	0.852	0.772
8	0.931	0.013	0.92	0.95	0.087	0.913	0.852	0.772
9	0.931	0.015	0.919	0.95	0.087	0.913	0.852	0.772
10	0.931	0.015	0.919	0.95	0.087	0.913	0.852	0.772
11	0.931	0.01	0.921	0.95	0.087	0.913	0.852	0.772
12	0.931	0.013	0.925	0.95	0.087	0.913	0.852	0.772
13	0.931	0.019	0.918	0.95	0.087	0.913	0.852	0.772
14	0.931	0.017	0.92	0.95	0.087	0.913	0.852	0.772
15	0.931	0.015	0.922	0.95	0.087	0.913	0.852	0.772
16	0.931	0.008	0.926	0.95	0.087	0.913	0.852	0.772
17	0.931	0.017	0.918	0.95	0.087	0.913	0.852	0.772
18	0.931	0.012	0.924	0.95	0.087	0.913	0.852	0.772
19	0.931	0.013	0.923	0.95	0.087	0.913	0.852	0.772
20	0.931	0.013	0.924	0.95	0.087	0.913	0.852	0.772
21	0.931	0.01	0.926	0.95	0.087	0.913	0.852	0.772
22	0.931	0.011	0.925	0.95	0.087	0.913	0.852	0.772
23	0.931	0.007	0.926	0.95	0.087	0.913	0.852	0.772
24	0.931	0.005	0.928	0.95	0.087	0.913	0.852	0.772
25	0.931	0.017	0.92	0.95	0.087	0.913	0.852	0.772
26	0.931	0.016	0.922	0.95	0.087	0.913	0.852	0.772
27	0.931	0.012	0.923	0.95	0.087	0.913	0.852	0.772
28	0.931	0.013	0.924	0.95	0.087	0.913	0.852	0.772
29	0.931	0.014	0.923	0.95	0.087	0.913	0.852	0.772
30	0.931	0.016	0.923	0.95	0.087	0.913	0.852	0.772
31	0.931	0.02	0.917	0.95	0.087	0.913	0.852	0.772
32	0.931	0.014	0.923	0.95	0.087	0.913	0.852	0.772
33	0.931	0.011	0.923	0.95	0.087	0.913	0.852	0.772
34	0.931	0.013	0.925	0.95	0.087	0.913	0.852	0.772
35	0.931	0.008	0.926	0.95	0.087	0.913	0.852	0.772
36	0.931	0.014	0.922	0.95	0.087	0.913	0.852	0.772
37	0.931	0.013	0.924	0.95	0.087	0.913	0.852	0.772
38	0.931	0.016	0.922	0.95	0.087	0.913	0.852	0.772
39	0.931	0.016	0.923	0.95	0.087	0.913	0.852	0.772
40	0.931	0.017	0.92	0.95	0.087	0.913	0.852	0.772
41	0.931	0.018	0.919	0.95	0.087	0.913	0.852	0.772
42	0.931	0.017	0.92	0.95	0.087	0.913	0.852	0.772
43	0.931	0.019	0.917	0.95	0.087	0.913	0.852	0.772
44	0.931	0.017	0.919	0.95	0.087	0.913	0.852	0.772
45	0.931	0.013	0.924	0.95	0.087	0.913	0.852	0.772
46	0.931	0.013	0.924	0.95	0.087	0.913	0.852	0.772
47	0.931	0.016	0.921	0.95	0.087	0.913	0.852	0.772
48	0.931	0.011	0.924	0.95	0.087	0.913	0.852	0.772
49	0.931	0.013	0.926	0.95	0.087	0.913	0.852	0.772
best individual: 	#c1: 91.6	#c2:54.68	#p1:51.76	#p2:92.58
evaluation: 
Correctly Classified Instances         157               92.8994 %
Incorrectly Classified Instances        12                7.1006 %
Kappa statistic                          0.8165
Total Cost                             693.0999
Average Cost                             4.1012
Mean absolute error                      0.1017
Root mean squared error                  0.2132
Relative absolute error                 28.3683 %
Root relative squared error             50.6062 %
Total Number of Instances              169     

=== Detailed Accuracy By Class ===

               TP Rate   FP Rate   Precision   Recall  F-Measure   ROC Area  Class
                 0.974     0.085      0.776     0.974     0.864      0.986    van
                 0.915     0.026      0.992     0.915     0.952      0.986    remainder
Weighted Avg.    0.929     0.039      0.942     0.929     0.932      0.986


elite_count=1
mutation_rate=0.5
selection_strategy=TournamentSelection
dataset_path=in/08_vehicle_van_remainder_binary.arff
fitness_metric=BAccMetric
crossover_points=4
selection_param=0.8
num_folds=5
population_count=25
number_of_generations=50
beta=0.5
cost_classifier=weka.classifiers.meta.CostSensitiveClassifier
use_reweight=false
base_classifier=weka.classifiers.trees.J48

	Fitness	SDev	Mean	TrueP	FalseP	TrueN	FMeas	Precision
0	0.938	0.027	0.915	0.988	0.112	0.888	0.84	0.731
1	0.946	0.015	0.922	0.956	0.064	0.936	0.884	0.823
2	0.946	0.008	0.931	0.956	0.064	0.936	0.884	0.823
3	0.946	0.007	0.931	0.956	0.064	0.936	0.884	0.823
4	0.947	0.007	0.936	0.962	0.068	0.932	0.883	0.815
5	0.947	0.007	0.939	0.962	0.068	0.932	0.883	0.815
6	0.947	0.009	0.935	0.962	0.068	0.932	0.883	0.815
7	0.947	0.008	0.936	0.962	0.068	0.932	0.883	0.815
8	0.947	0.011	0.934	0.962	0.068	0.932	0.883	0.815
9	0.947	0.006	0.936	0.962	0.068	0.932	0.883	0.815
10	0.947	0.007	0.939	0.962	0.068	0.932	0.883	0.815
11	0.947	0.007	0.938	0.962	0.068	0.932	0.883	0.815
12	0.947	0.005	0.939	0.962	0.068	0.932	0.883	0.815
13	0.947	0.007	0.938	0.962	0.068	0.932	0.883	0.815
14	0.947	0.009	0.934	0.962	0.068	0.932	0.883	0.815
15	0.947	0.008	0.938	0.962	0.068	0.932	0.883	0.815
16	0.947	0.009	0.936	0.962	0.068	0.932	0.883	0.815
17	0.947	0.006	0.939	0.962	0.068	0.932	0.883	0.815
18	0.947	0.008	0.938	0.962	0.068	0.932	0.883	0.815
19	0.947	0.004	0.938	0.962	0.068	0.932	0.883	0.815
20	0.947	0.007	0.939	0.962	0.068	0.932	0.883	0.815
21	0.947	0.008	0.937	0.962	0.068	0.932	0.883	0.815
22	0.947	0.007	0.936	0.962	0.068	0.932	0.883	0.815
23	0.947	0.007	0.939	0.962	0.068	0.932	0.883	0.815
24	0.947	0.008	0.937	0.962	0.068	0.932	0.883	0.815
25	0.947	0.007	0.937	0.962	0.068	0.932	0.883	0.815
26	0.947	0.008	0.937	0.962	0.068	0.932	0.883	0.815
27	0.947	0.005	0.939	0.962	0.068	0.932	0.883	0.815
28	0.947	0.006	0.939	0.962	0.068	0.932	0.883	0.815
29	0.947	0.006	0.938	0.962	0.068	0.932	0.883	0.815
30	0.947	0.007	0.936	0.962	0.068	0.932	0.883	0.815
31	0.947	0.008	0.938	0.962	0.068	0.932	0.883	0.815
32	0.947	0.01	0.936	0.962	0.068	0.932	0.883	0.815
33	0.947	0.01	0.936	0.962	0.068	0.932	0.883	0.815
34	0.947	0.007	0.936	0.962	0.068	0.932	0.883	0.815
35	0.947	0.005	0.938	0.962	0.068	0.932	0.883	0.815
36	0.947	0.01	0.936	0.962	0.068	0.932	0.883	0.815
37	0.947	0.007	0.938	0.962	0.068	0.932	0.883	0.815
38	0.947	0.006	0.939	0.962	0.068	0.932	0.883	0.815
39	0.947	0.007	0.936	0.962	0.068	0.932	0.883	0.815
40	0.947	0.006	0.936	0.962	0.068	0.932	0.883	0.815
41	0.947	0.006	0.939	0.962	0.068	0.932	0.883	0.815
42	0.947	0.007	0.937	0.962	0.068	0.932	0.883	0.815
43	0.947	0.007	0.939	0.962	0.068	0.932	0.883	0.815
44	0.947	0.007	0.936	0.962	0.068	0.932	0.883	0.815
45	0.947	0.009	0.937	0.962	0.068	0.932	0.883	0.815
46	0.947	0.008	0.938	0.962	0.068	0.932	0.883	0.815
47	0.947	0.009	0.936	0.962	0.068	0.932	0.883	0.815
48	0.947	0.006	0.938	0.962	0.068	0.932	0.883	0.815
49	0.947	0.006	0.94	0.962	0.068	0.932	0.883	0.815
best individual: 	#c1: 71.52	#c2:34.1	#p1:1.08	#p2:27.86
evaluation: 
Correctly Classified Instances         156               92.3077 %
Incorrectly Classified Instances        13                7.6923 %
Kappa statistic                          0.7961
Total Cost                             555.5998
Average Cost                             3.2876
Mean absolute error                      0.0921
Root mean squared error                  0.2585
Relative absolute error                 25.706  %
Root relative squared error             61.3396 %
Total Number of Instances              169     

=== Detailed Accuracy By Class ===

               TP Rate   FP Rate   Precision   Recall  F-Measure   ROC Area  Class
                 0.923     0.077      0.783     0.923     0.847      0.942    van
                 0.923     0.077      0.976     0.923     0.949      0.943    remainder
Weighted Avg.    0.923     0.077      0.931     0.923     0.925      0.943


elite_count=1
mutation_rate=0.5
selection_strategy=TournamentSelection
dataset_path=in/08_vehicle_van_remainder_binary.arff
fitness_metric=GMMetric
crossover_points=4
selection_param=0.8
num_folds=5
population_count=25
number_of_generations=50
beta=0.5
cost_classifier=weka.classifiers.meta.CostSensitiveClassifier
use_reweight=false
base_classifier=weka.classifiers.trees.J48

	Fitness	SDev	Mean	TrueP	FalseP	TrueN	FMeas	Precision
0	0.945	0.191	0.849	0.962	0.072	0.928	0.877	0.806
1	0.945	0.186	0.873	0.962	0.072	0.928	0.877	0.806
2	0.945	0.182	0.889	0.962	0.072	0.928	0.877	0.806
3	0.945	0.012	0.929	0.962	0.072	0.928	0.877	0.806
4	0.945	0.007	0.932	0.962	0.072	0.928	0.877	0.806
5	0.945	0.007	0.932	0.962	0.072	0.928	0.877	0.806
6	0.945	0.006	0.934	0.962	0.072	0.928	0.877	0.806
7	0.945	0.007	0.932	0.962	0.072	0.928	0.877	0.806
8	0.945	0.008	0.931	0.962	0.072	0.928	0.877	0.806
9	0.945	0.007	0.934	0.962	0.072	0.928	0.877	0.806
10	0.945	0.008	0.932	0.962	0.072	0.928	0.877	0.806
11	0.945	0.008	0.933	0.962	0.072	0.928	0.877	0.806
12	0.945	0.006	0.933	0.962	0.072	0.928	0.877	0.806
13	0.945	0.007	0.933	0.962	0.072	0.928	0.877	0.806
14	0.945	0.006	0.933	0.962	0.072	0.928	0.877	0.806
15	0.945	0.007	0.933	0.962	0.072	0.928	0.877	0.806
16	0.945	0.007	0.935	0.962	0.072	0.928	0.877	0.806
17	0.945	0.006	0.931	0.962	0.072	0.928	0.877	0.806
18	0.945	0.008	0.932	0.962	0.072	0.928	0.877	0.806
19	0.945	0.007	0.934	0.962	0.072	0.928	0.877	0.806
20	0.945	0.006	0.935	0.962	0.072	0.928	0.877	0.806
21	0.945	0.006	0.935	0.962	0.072	0.928	0.877	0.806
22	0.945	0.007	0.934	0.962	0.072	0.928	0.877	0.806
23	0.945	0.008	0.935	0.962	0.072	0.928	0.877	0.806
24	0.945	0.006	0.935	0.962	0.072	0.928	0.877	0.806
25	0.945	0.007	0.935	0.962	0.072	0.928	0.877	0.806
26	0.945	0.006	0.935	0.962	0.072	0.928	0.877	0.806
27	0.945	0.005	0.935	0.962	0.072	0.928	0.877	0.806
28	0.945	0.007	0.934	0.962	0.072	0.928	0.877	0.806
29	0.945	0.007	0.934	0.962	0.072	0.928	0.877	0.806
30	0.945	0.007	0.935	0.962	0.072	0.928	0.877	0.806
31	0.945	0.007	0.934	0.962	0.072	0.928	0.877	0.806
32	0.945	0.007	0.934	0.962	0.072	0.928	0.877	0.806
33	0.945	0.008	0.934	0.962	0.072	0.928	0.877	0.806
34	0.945	0.006	0.936	0.962	0.072	0.928	0.877	0.806
35	0.945	0.007	0.936	0.962	0.072	0.928	0.877	0.806
36	0.945	0.007	0.933	0.962	0.072	0.928	0.877	0.806
37	0.945	0.008	0.933	0.962	0.072	0.928	0.877	0.806
38	0.945	0.007	0.933	0.962	0.072	0.928	0.877	0.806
39	0.945	0.007	0.934	0.962	0.072	0.928	0.877	0.806
40	0.945	0.006	0.935	0.962	0.072	0.928	0.877	0.806
41	0.945	0.006	0.934	0.962	0.072	0.928	0.877	0.806
42	0.945	0.008	0.934	0.962	0.072	0.928	0.877	0.806
43	0.945	0.008	0.934	0.962	0.072	0.928	0.877	0.806
44	0.945	0.006	0.935	0.962	0.072	0.928	0.877	0.806
45	0.945	0.006	0.934	0.962	0.072	0.928	0.877	0.806
46	0.945	0.007	0.934	0.962	0.072	0.928	0.877	0.806
47	0.945	0.007	0.934	0.962	0.072	0.928	0.877	0.806
48	0.945	0.006	0.937	0.962	0.072	0.928	0.877	0.806
49	0.945	0.011	0.931	0.962	0.072	0.928	0.877	0.806
best individual: 	#c1: 72.06	#c2:10.92	#p1:74.6	#p2:70.1
evaluation: 
Correctly Classified Instances         157               92.8994 %
Incorrectly Classified Instances        12                7.1006 %
Kappa statistic                          0.8102
Total Cost                             314.4437
Average Cost                             1.8606
Mean absolute error                      0.0863
Root mean squared error                  0.26  
Relative absolute error                 24.0729 %
Root relative squared error             61.7119 %
Total Number of Instances              169     

=== Detailed Accuracy By Class ===

               TP Rate   FP Rate   Precision   Recall  F-Measure   ROC Area  Class
                 0.923     0.069      0.8       0.923     0.857      0.944    van
                 0.931     0.077      0.976     0.931     0.953      0.944    remainder
Weighted Avg.    0.929     0.075      0.935     0.929     0.931      0.944


elite_count=1
mutation_rate=0.5
selection_strategy=TournamentSelection
dataset_path=in/08_vehicle_van_remainder_binary.arff
fitness_metric=BAccMetric
crossover_points=4
selection_param=0.8
num_folds=5
population_count=25
number_of_generations=50
beta=0.5
cost_classifier=weka.classifiers.meta.CostSensitiveClassifier
use_reweight=false
base_classifier=weka.classifiers.bayes.NaiveBayes

	Fitness	SDev	Mean	TrueP	FalseP	TrueN	FMeas	Precision
0	0.774	0.02	0.734	0.994	0.445	0.555	0.579	0.409
1	0.776	0.018	0.748	1	0.449	0.551	0.58	0.408
2	0.776	0.02	0.747	1	0.449	0.551	0.58	0.408
3	0.776	0.02	0.753	1	0.449	0.551	0.58	0.408
4	0.776	0.021	0.749	1	0.449	0.551	0.58	0.408
5	0.776	0.018	0.759	1	0.449	0.551	0.58	0.408
6	0.776	0.012	0.769	1	0.449	0.551	0.58	0.408
7	0.776	0.009	0.772	1	0.449	0.551	0.58	0.408
8	0.776	0.001	0.774	1	0.449	0.551	0.58	0.408
9	0.776	0.002	0.773	1	0.449	0.551	0.58	0.408
10	0.776	0.002	0.773	1	0.449	0.551	0.58	0.408
11	0.776	0.001	0.774	1	0.449	0.551	0.58	0.408
12	0.776	0.001	0.774	1	0.449	0.551	0.58	0.408
13	0.776	0.001	0.774	1	0.449	0.551	0.58	0.408
14	0.776	0.002	0.773	1	0.449	0.551	0.58	0.408
15	0.776	0.002	0.773	1	0.449	0.551	0.58	0.408
16	0.776	0.001	0.774	1	0.449	0.551	0.58	0.408
17	0.776	0.001	0.774	1	0.449	0.551	0.58	0.408
18	0.776	0.001	0.774	1	0.449	0.551	0.58	0.408
19	0.776	0.002	0.773	1	0.449	0.551	0.58	0.408
20	0.776	0.001	0.773	1	0.449	0.551	0.58	0.408
21	0.776	0.002	0.774	1	0.449	0.551	0.58	0.408
22	0.776	0.002	0.774	1	0.449	0.551	0.58	0.408
23	0.776	0.001	0.773	1	0.449	0.551	0.58	0.408
24	0.776	0.001	0.774	1	0.449	0.551	0.58	0.408
25	0.776	0.003	0.773	1	0.449	0.551	0.58	0.408
26	0.776	0.001	0.774	1	0.449	0.551	0.58	0.408
27	0.776	0.001	0.774	1	0.449	0.551	0.58	0.408
28	0.776	0.001	0.774	1	0.449	0.551	0.58	0.408
29	0.776	0.001	0.774	1	0.449	0.551	0.58	0.408
30	0.776	0.001	0.774	1	0.449	0.551	0.58	0.408
31	0.776	0.001	0.773	1	0.449	0.551	0.58	0.408
32	0.776	0.001	0.774	1	0.449	0.551	0.58	0.408
33	0.776	0.001	0.774	1	0.449	0.551	0.58	0.408
34	0.776	0.001	0.774	1	0.449	0.551	0.58	0.408
35	0.776	0.001	0.774	1	0.449	0.551	0.58	0.408
36	0.776	0.001	0.774	1	0.449	0.551	0.58	0.408
37	0.776	0.001	0.774	1	0.449	0.551	0.58	0.408
38	0.776	0.001	0.774	1	0.449	0.551	0.58	0.408
39	0.776	0.001	0.774	1	0.449	0.551	0.58	0.408
40	0.776	0.001	0.774	1	0.449	0.551	0.58	0.408
41	0.776	0.001	0.774	1	0.449	0.551	0.58	0.408
42	0.776	0.001	0.774	1	0.449	0.551	0.58	0.408
43	0.776	0.001	0.773	1	0.449	0.551	0.58	0.408
44	0.776	0.001	0.774	1	0.449	0.551	0.58	0.408
45	0.776	0.001	0.774	1	0.449	0.551	0.58	0.408
46	0.776	0.001	0.774	1	0.449	0.551	0.58	0.408
47	0.776	0.001	0.774	1	0.449	0.551	0.58	0.408
48	0.776	0.001	0.774	1	0.449	0.551	0.58	0.408
49	0.776	0.001	0.774	1	0.449	0.551	0.58	0.408
best individual: 	#c1: 114.22	#c2:1.48	#p1:111.98	#p2:82.3
evaluation: 
Correctly Classified Instances         106               62.7219 %
Incorrectly Classified Instances        63               37.2781 %
Kappa statistic                          0.3292
Total Cost                              93.1024
Average Cost                             0.5509
Mean absolute error                      0.3742
Root mean squared error                  0.6029
Relative absolute error                104.384  %
Root relative squared error            143.0755 %
Total Number of Instances              169     

=== Detailed Accuracy By Class ===

               TP Rate   FP Rate   Precision   Recall  F-Measure   ROC Area  Class
                 1         0.485      0.382     1         0.553      0.807    van
                 0.515     0          1         0.515     0.68       0.807    remainder
Weighted Avg.    0.627     0.112      0.857     0.627     0.651      0.807


elite_count=1
mutation_rate=0.5
selection_strategy=TournamentSelection
dataset_path=in/08_vehicle_van_remainder_binary.arff
fitness_metric=GMMetric
crossover_points=4
selection_param=0.8
num_folds=5
population_count=25
number_of_generations=50
beta=0.5
cost_classifier=weka.classifiers.meta.CostSensitiveClassifier
use_reweight=false
base_classifier=weka.classifiers.bayes.NaiveBayes

	Fitness	SDev	Mean	TrueP	FalseP	TrueN	FMeas	Precision
0	0.738	0.014	0.715	0.95	0.427	0.573	0.57	0.408
1	0.738	0.011	0.722	0.95	0.427	0.573	0.57	0.408
2	0.738	0.009	0.725	0.95	0.427	0.573	0.57	0.408
3	0.738	0.005	0.729	0.95	0.427	0.573	0.57	0.408
4	0.738	0.005	0.729	0.95	0.427	0.573	0.57	0.408
5	0.738	0.004	0.733	0.95	0.427	0.573	0.57	0.408
6	0.738	0.002	0.732	0.95	0.427	0.573	0.57	0.408
7	0.738	0.003	0.733	0.95	0.427	0.573	0.57	0.408
8	0.738	0.003	0.733	0.95	0.427	0.573	0.57	0.408
9	0.738	0.003	0.733	0.95	0.427	0.573	0.57	0.408
10	0.738	0.003	0.733	0.95	0.427	0.573	0.57	0.408
11	0.738	0.003	0.733	0.95	0.427	0.573	0.57	0.408
12	0.738	0.002	0.731	0.95	0.427	0.573	0.57	0.408
13	0.738	0.003	0.734	0.95	0.427	0.573	0.57	0.408
14	0.738	0.003	0.732	0.95	0.427	0.573	0.57	0.408
15	0.738	0.003	0.733	0.95	0.427	0.573	0.57	0.408
16	0.738	0.002	0.733	0.95	0.427	0.573	0.57	0.408
17	0.738	0.003	0.731	0.95	0.427	0.573	0.57	0.408
18	0.738	0.002	0.733	0.95	0.427	0.573	0.57	0.408
19	0.738	0.002	0.732	0.95	0.427	0.573	0.57	0.408
20	0.738	0.003	0.733	0.95	0.427	0.573	0.57	0.408
21	0.738	0.003	0.732	0.95	0.427	0.573	0.57	0.408
22	0.738	0.003	0.733	0.95	0.427	0.573	0.57	0.408
23	0.738	0.003	0.732	0.95	0.427	0.573	0.57	0.408
24	0.738	0.003	0.733	0.95	0.427	0.573	0.57	0.408
25	0.738	0.003	0.732	0.95	0.427	0.573	0.57	0.408
26	0.738	0.003	0.733	0.95	0.427	0.573	0.57	0.408
27	0.738	0.003	0.731	0.95	0.427	0.573	0.57	0.408
28	0.738	0.003	0.732	0.95	0.427	0.573	0.57	0.408
29	0.738	0.003	0.732	0.95	0.427	0.573	0.57	0.408
30	0.738	0.002	0.733	0.95	0.427	0.573	0.57	0.408
31	0.738	0.003	0.732	0.95	0.427	0.573	0.57	0.408
32	0.738	0.003	0.733	0.95	0.427	0.573	0.57	0.408
33	0.738	0.004	0.733	0.95	0.427	0.573	0.57	0.408
34	0.738	0.003	0.733	0.95	0.427	0.573	0.57	0.408
35	0.738	0.002	0.731	0.95	0.427	0.573	0.57	0.408
36	0.738	0.002	0.732	0.95	0.427	0.573	0.57	0.408
37	0.738	0.003	0.733	0.95	0.427	0.573	0.57	0.408
38	0.738	0.003	0.732	0.95	0.427	0.573	0.57	0.408
39	0.738	0.003	0.733	0.95	0.427	0.573	0.57	0.408
40	0.738	0.003	0.732	0.95	0.427	0.573	0.57	0.408
41	0.738	0.003	0.732	0.95	0.427	0.573	0.57	0.408
42	0.738	0.003	0.733	0.95	0.427	0.573	0.57	0.408
43	0.738	0.003	0.732	0.95	0.427	0.573	0.57	0.408
44	0.738	0.002	0.733	0.95	0.427	0.573	0.57	0.408
45	0.738	0.003	0.732	0.95	0.427	0.573	0.57	0.408
46	0.738	0.003	0.732	0.95	0.427	0.573	0.57	0.408
47	0.738	0.003	0.732	0.95	0.427	0.573	0.57	0.408
48	0.738	0.003	0.733	0.95	0.427	0.573	0.57	0.408
49	0.738	0.002	0.732	0.95	0.427	0.573	0.57	0.408
best individual: 	#c1: 119.77	#c2:19.16	#p1:24.2	#p2:53.73
evaluation: 
Correctly Classified Instances         109               64.497  %
Incorrectly Classified Instances        60               35.503  %
Kappa statistic                          0.35  
Total Cost                            1149.6601
Average Cost                             6.8027
Mean absolute error                      0.3529
Root mean squared error                  0.5779
Relative absolute error                 98.4653 %
Root relative squared error            137.1578 %
Total Number of Instances              169     

=== Detailed Accuracy By Class ===

               TP Rate   FP Rate   Precision   Recall  F-Measure   ROC Area  Class
                 1         0.462      0.394     1         0.565      0.807    van
                 0.538     0          1         0.538     0.7        0.807    remainder
Weighted Avg.    0.645     0.107      0.86      0.645     0.669      0.807


elite_count=1
mutation_rate=0.5
selection_strategy=TournamentSelection
dataset_path=in/08_vehicle_van_remainder_binary.arff
fitness_metric=BAccMetric
crossover_points=4
selection_param=0.8
num_folds=5
population_count=25
number_of_generations=50
beta=0.5
cost_classifier=weka.classifiers.meta.CostSensitiveClassifier
use_reweight=false
base_classifier=weka.classifiers.meta.AdaBoostM1

	Fitness	SDev	Mean	TrueP	FalseP	TrueN	FMeas	Precision
0	0.929	0.177	0.676	0.931	0.074	0.926	0.859	0.797
1	0.929	0.192	0.731	0.931	0.074	0.926	0.859	0.797
2	0.93	0.196	0.711	1	0.139	0.861	0.816	0.69
3	0.945	0.195	0.776	0.975	0.085	0.915	0.867	0.78
4	0.945	0.198	0.787	0.975	0.085	0.915	0.867	0.78
5	0.945	0.156	0.855	0.975	0.085	0.915	0.867	0.78
6	0.945	0.116	0.89	0.975	0.085	0.915	0.867	0.78
7	0.945	0.084	0.908	0.975	0.085	0.915	0.867	0.78
8	0.947	0.013	0.928	0.975	0.081	0.919	0.872	0.788
9	0.95	0.013	0.928	0.969	0.07	0.93	0.883	0.812
10	0.95	0.014	0.923	0.969	0.07	0.93	0.883	0.812
11	0.95	0.016	0.921	0.969	0.07	0.93	0.883	0.812
12	0.95	0.015	0.926	0.969	0.07	0.93	0.883	0.812
13	0.95	0.01	0.926	0.969	0.07	0.93	0.883	0.812
14	0.95	0.013	0.926	0.969	0.07	0.93	0.883	0.812
15	0.951	0.011	0.928	0.956	0.054	0.946	0.897	0.845
16	0.951	0.012	0.924	0.956	0.054	0.946	0.897	0.845
17	0.951	0.009	0.928	0.956	0.054	0.946	0.897	0.845
18	0.951	0.013	0.926	0.956	0.054	0.946	0.897	0.845
19	0.951	0.008	0.931	0.956	0.054	0.946	0.897	0.845
20	0.951	0.016	0.925	0.956	0.054	0.946	0.897	0.845
21	0.951	0.01	0.927	0.956	0.054	0.946	0.897	0.845
22	0.951	0.012	0.924	0.956	0.054	0.946	0.897	0.845
23	0.951	0.02	0.923	0.956	0.054	0.946	0.897	0.845
24	0.951	0.014	0.929	0.956	0.054	0.946	0.897	0.845
25	0.951	0.011	0.924	0.956	0.054	0.946	0.897	0.845
26	0.951	0.015	0.929	0.956	0.054	0.946	0.897	0.845
27	0.951	0.011	0.93	0.956	0.054	0.946	0.897	0.845
28	0.951	0.011	0.929	0.956	0.054	0.946	0.897	0.845
29	0.951	0.021	0.924	0.956	0.054	0.946	0.897	0.845
30	0.951	0.015	0.923	0.956	0.054	0.946	0.897	0.845
31	0.951	0.01	0.929	0.956	0.054	0.946	0.897	0.845
32	0.951	0.015	0.923	0.956	0.054	0.946	0.897	0.845
33	0.951	0.012	0.927	0.956	0.054	0.946	0.897	0.845
34	0.951	0.01	0.929	0.956	0.054	0.946	0.897	0.845
35	0.951	0.012	0.926	0.956	0.054	0.946	0.897	0.845
36	0.951	0.021	0.925	0.956	0.054	0.946	0.897	0.845
37	0.951	0.01	0.926	0.956	0.054	0.946	0.897	0.845
38	0.951	0.012	0.928	0.956	0.054	0.946	0.897	0.845
39	0.951	0.016	0.922	0.956	0.054	0.946	0.897	0.845
40	0.951	0.011	0.928	0.956	0.054	0.946	0.897	0.845
41	0.951	0.023	0.923	0.956	0.054	0.946	0.897	0.845
42	0.951	0.02	0.928	0.956	0.054	0.946	0.897	0.845
43	0.951	0.014	0.93	0.956	0.054	0.946	0.897	0.845
44	0.951	0.008	0.93	0.956	0.054	0.946	0.897	0.845
45	0.951	0.019	0.924	0.956	0.054	0.946	0.897	0.845
46	0.951	0.017	0.926	0.956	0.054	0.946	0.897	0.845
47	0.951	0.026	0.921	0.956	0.054	0.946	0.897	0.845
48	0.951	0.022	0.921	0.956	0.054	0.946	0.897	0.845
49	0.951	0.016	0.924	0.956	0.054	0.946	0.897	0.845
best individual: 	#c1: 56.69	#c2:28.46	#p1:96.03	#p2:113.18
evaluation: 
Correctly Classified Instances         157               92.8994 %
Incorrectly Classified Instances        12                7.1006 %
Kappa statistic                          0.7926
Total Cost                             567.3367
Average Cost                             3.357 
Mean absolute error                      0.1087
Root mean squared error                  0.2261
Relative absolute error                 30.3233 %
Root relative squared error             53.6612 %
Total Number of Instances              169     

=== Detailed Accuracy By Class ===

               TP Rate   FP Rate   Precision   Recall  F-Measure   ROC Area  Class
                 0.795     0.031      0.886     0.795     0.838      0.975    van
                 0.969     0.205      0.94      0.969     0.955      0.975    remainder
Weighted Avg.    0.929     0.165      0.928     0.929     0.928      0.975


elite_count=1
mutation_rate=0.5
selection_strategy=TournamentSelection
dataset_path=in/08_vehicle_van_remainder_binary.arff
fitness_metric=GMMetric
crossover_points=4
selection_param=0.8
num_folds=5
population_count=25
number_of_generations=50
beta=0.5
cost_classifier=weka.classifiers.meta.CostSensitiveClassifier
use_reweight=false
base_classifier=weka.classifiers.meta.AdaBoostM1

	Fitness	SDev	Mean	TrueP	FalseP	TrueN	FMeas	Precision
0	0.931	0.43	0.415	0.938	0.075	0.925	0.86	0.794
1	0.942	0.304	0.765	0.975	0.089	0.911	0.862	0.772
2	0.943	0.32	0.743	0.975	0.087	0.913	0.864	0.776
3	0.943	0.182	0.848	0.975	0.087	0.913	0.864	0.776
4	0.943	0.047	0.892	0.975	0.087	0.913	0.864	0.776
5	0.943	0.111	0.857	0.981	0.093	0.907	0.86	0.766
6	0.943	0.041	0.904	0.981	0.093	0.907	0.86	0.766
7	0.944	0.045	0.904	0.956	0.068	0.932	0.879	0.814
8	0.944	0.043	0.906	0.956	0.068	0.932	0.879	0.814
9	0.944	0.033	0.916	0.969	0.079	0.921	0.871	0.791
10	0.944	0.009	0.93	0.969	0.079	0.921	0.871	0.791
11	0.944	0.014	0.925	0.969	0.079	0.921	0.871	0.791
12	0.944	0.014	0.927	0.969	0.079	0.921	0.871	0.791
13	0.944	0.014	0.925	0.969	0.079	0.921	0.871	0.791
14	0.945	0.008	0.928	0.956	0.066	0.934	0.882	0.818
