
elite_count=1
mutation_rate=0.5
selection_strategy=RouletteWheelSelection
dataset_path=in/08_vehicle_van_remainder_binary.arff
fitness_metric=BAccMetric
crossover_points=1
selection_param=0.8
num_folds=5
population_count=25
number_of_generations=50
beta=0.5
cost_classifier=weka.classifiers.meta.CostSensitiveClassifier
use_reweight=false
base_classifier=weka.classifiers.lazy.IBk

	Fitness	SDev	Mean	TrueP	FalseP	TrueN	FMeas	Precision
0	0.923	0.084	0.847	0.969	0.122	0.878	0.82	0.711
1	0.925	0.076	0.865	0.975	0.126	0.874	0.819	0.706
2	0.925	0.076	0.86	0.975	0.126	0.874	0.819	0.706
3	0.925	0.053	0.881	0.975	0.126	0.874	0.819	0.706
4	0.925	0.049	0.882	0.975	0.126	0.874	0.819	0.706
5	0.925	0.065	0.877	0.975	0.126	0.874	0.819	0.706
6	0.925	0.035	0.891	0.975	0.126	0.874	0.819	0.706
7	0.925	0.046	0.885	0.975	0.126	0.874	0.819	0.706
8	0.925	0.045	0.887	0.975	0.126	0.874	0.819	0.706
9	0.925	0.026	0.896	0.975	0.126	0.874	0.819	0.706
10	0.925	0.024	0.902	0.975	0.126	0.874	0.819	0.706
11	0.925	0.013	0.908	0.975	0.126	0.874	0.819	0.706
12	0.925	0.024	0.902	0.975	0.126	0.874	0.819	0.706
13	0.925	0.018	0.909	0.975	0.126	0.874	0.819	0.706
14	0.925	0.024	0.904	0.975	0.126	0.874	0.819	0.706
15	0.925	0.01	0.912	0.975	0.126	0.874	0.819	0.706
16	0.925	0.027	0.898	0.975	0.126	0.874	0.819	0.706
17	0.925	0.019	0.908	0.975	0.126	0.874	0.819	0.706
18	0.925	0.024	0.908	0.975	0.126	0.874	0.819	0.706
19	0.925	0.01	0.911	0.975	0.126	0.874	0.819	0.706
20	0.925	0.006	0.913	0.975	0.126	0.874	0.819	0.706
21	0.925	0.008	0.912	0.975	0.126	0.874	0.819	0.706
22	0.925	0.01	0.911	0.975	0.126	0.874	0.819	0.706
23	0.925	0.009	0.911	0.975	0.126	0.874	0.819	0.706
24	0.925	0.01	0.912	0.975	0.126	0.874	0.819	0.706
25	0.925	0.007	0.912	0.975	0.126	0.874	0.819	0.706
26	0.925	0.009	0.909	0.975	0.126	0.874	0.819	0.706
27	0.925	0.007	0.91	0.975	0.126	0.874	0.819	0.706
28	0.925	0.008	0.912	0.975	0.126	0.874	0.819	0.706
29	0.925	0.008	0.913	0.975	0.126	0.874	0.819	0.706
30	0.925	0.009	0.91	0.975	0.126	0.874	0.819	0.706
31	0.925	0.008	0.91	0.975	0.126	0.874	0.819	0.706
32	0.925	0.008	0.912	0.975	0.126	0.874	0.819	0.706
33	0.925	0.008	0.912	0.975	0.126	0.874	0.819	0.706
34	0.925	0.007	0.911	0.975	0.126	0.874	0.819	0.706
35	0.925	0.009	0.911	0.975	0.126	0.874	0.819	0.706
36	0.925	0.009	0.912	0.975	0.126	0.874	0.819	0.706
37	0.925	0.006	0.912	0.975	0.126	0.874	0.819	0.706
38	0.925	0.01	0.912	0.975	0.126	0.874	0.819	0.706
39	0.925	0.009	0.911	0.975	0.126	0.874	0.819	0.706
40	0.925	0.009	0.913	0.975	0.126	0.874	0.819	0.706
41	0.925	0.009	0.909	0.975	0.126	0.874	0.819	0.706
42	0.925	0.009	0.91	0.975	0.126	0.874	0.819	0.706
43	0.925	0.008	0.914	0.975	0.126	0.874	0.819	0.706
44	0.925	0.008	0.91	0.975	0.126	0.874	0.819	0.706
45	0.925	0.009	0.914	0.975	0.126	0.874	0.819	0.706
46	0.925	0.009	0.911	0.975	0.126	0.874	0.819	0.706
47	0.925	0.009	0.913	0.975	0.126	0.874	0.819	0.706
48	0.925	0.006	0.913	0.975	0.126	0.874	0.819	0.706
49	0.925	0.008	0.91	0.975	0.126	0.874	0.819	0.706
best individual: 	#c1: 89.95	#c2:23.9	#p1:66.37	#p2:22.58
evaluation: 
Correctly Classified Instances         154               91.1243 %
Incorrectly Classified Instances        15                8.8757 %
Kappa statistic                          0.7761
Total Cost                             424.5111
Average Cost                             2.5119
Mean absolute error                      0.1264
Root mean squared error                  0.2648
Relative absolute error                 35.2696 %
Root relative squared error             62.836  %
Total Number of Instances              169     

=== Detailed Accuracy By Class ===

               TP Rate   FP Rate   Precision   Recall  F-Measure   ROC Area  Class
                 0.974     0.108      0.731     0.974     0.835      0.977    van
                 0.892     0.026      0.991     0.892     0.939      0.979    remainder
Weighted Avg.    0.911     0.045      0.931     0.911     0.915      0.978


elite_count=1
mutation_rate=0.5
selection_strategy=RouletteWheelSelection
dataset_path=in/08_vehicle_van_remainder_binary.arff
fitness_metric=GMMetric
crossover_points=1
selection_param=0.8
num_folds=5
population_count=25
number_of_generations=50
beta=0.5
cost_classifier=weka.classifiers.meta.CostSensitiveClassifier
use_reweight=false
base_classifier=weka.classifiers.lazy.IBk

	Fitness	SDev	Mean	TrueP	FalseP	TrueN	FMeas	Precision
0	0.923	0.11	0.84	0.975	0.126	0.874	0.819	0.706
1	0.925	0.093	0.868	0.912	0.062	0.938	0.864	0.82
2	0.925	0.059	0.884	0.912	0.062	0.938	0.864	0.82
3	0.931	0.029	0.899	0.95	0.087	0.913	0.852	0.772
4	0.931	0.037	0.893	0.95	0.087	0.913	0.852	0.772
5	0.931	0.035	0.887	0.95	0.087	0.913	0.852	0.772
6	0.931	0.039	0.887	0.95	0.087	0.913	0.852	0.772
7	0.931	0.041	0.89	0.95	0.087	0.913	0.852	0.772
8	0.931	0.038	0.892	0.95	0.087	0.913	0.852	0.772
9	0.931	0.046	0.891	0.95	0.087	0.913	0.852	0.772
10	0.931	0.047	0.88	0.95	0.087	0.913	0.852	0.772
11	0.931	0.049	0.869	0.95	0.087	0.913	0.852	0.772
12	0.931	0.04	0.876	0.95	0.087	0.913	0.852	0.772
13	0.931	0.057	0.858	0.95	0.087	0.913	0.852	0.772
14	0.931	0.045	0.865	0.95	0.087	0.913	0.852	0.772
15	0.931	0.045	0.877	0.95	0.087	0.913	0.852	0.772
16	0.931	0.058	0.867	0.95	0.087	0.913	0.852	0.772
17	0.931	0.059	0.858	0.95	0.087	0.913	0.852	0.772
18	0.931	0.074	0.866	0.95	0.087	0.913	0.852	0.772
19	0.931	0.05	0.879	0.95	0.087	0.913	0.852	0.772
20	0.931	0.045	0.889	0.95	0.087	0.913	0.852	0.772
21	0.931	0.061	0.874	0.95	0.087	0.913	0.852	0.772
22	0.931	0.052	0.868	0.95	0.087	0.913	0.852	0.772
23	0.931	0.061	0.853	0.95	0.087	0.913	0.852	0.772
24	0.931	0.057	0.862	0.95	0.087	0.913	0.852	0.772
25	0.931	0.052	0.871	0.95	0.087	0.913	0.852	0.772
26	0.931	0.048	0.872	0.95	0.087	0.913	0.852	0.772
27	0.931	0.061	0.867	0.95	0.087	0.913	0.852	0.772
28	0.931	0.053	0.874	0.95	0.087	0.913	0.852	0.772
29	0.931	0.041	0.881	0.95	0.087	0.913	0.852	0.772
30	0.931	0.056	0.873	0.95	0.087	0.913	0.852	0.772
31	0.931	0.058	0.865	0.95	0.087	0.913	0.852	0.772
32	0.931	0.054	0.879	0.95	0.087	0.913	0.852	0.772
33	0.931	0.046	0.882	0.95	0.087	0.913	0.852	0.772
34	0.931	0.042	0.887	0.95	0.087	0.913	0.852	0.772
35	0.931	0.058	0.872	0.95	0.087	0.913	0.852	0.772
36	0.931	0.035	0.899	0.95	0.087	0.913	0.852	0.772
37	0.931	0.033	0.894	0.95	0.087	0.913	0.852	0.772
38	0.931	0.049	0.888	0.95	0.087	0.913	0.852	0.772
39	0.931	0.044	0.882	0.95	0.087	0.913	0.852	0.772
40	0.931	0.041	0.878	0.95	0.087	0.913	0.852	0.772
41	0.931	0.048	0.876	0.95	0.087	0.913	0.852	0.772
42	0.931	0.05	0.877	0.95	0.087	0.913	0.852	0.772
43	0.931	0.065	0.858	0.95	0.087	0.913	0.852	0.772
44	0.931	0.038	0.883	0.95	0.087	0.913	0.852	0.772
45	0.931	0.058	0.878	0.95	0.087	0.913	0.852	0.772
46	0.931	0.044	0.876	0.95	0.087	0.913	0.852	0.772
47	0.931	0.034	0.894	0.95	0.087	0.913	0.852	0.772
48	0.931	0.035	0.896	0.95	0.087	0.913	0.852	0.772
49	0.931	0.035	0.892	0.95	0.087	0.913	0.852	0.772
best individual: 	#c1: 125.98	#c2:74.17	#p1:57.91	#p2:22.12
evaluation: 
Correctly Classified Instances         157               92.8994 %
Incorrectly Classified Instances        12                7.1006 %
Kappa statistic                          0.8165
Total Cost                             941.8382
Average Cost                             5.573 
Mean absolute error                      0.1018
Root mean squared error                  0.2137
Relative absolute error                 28.3986 %
Root relative squared error             50.7054 %
Total Number of Instances              169     

=== Detailed Accuracy By Class ===

               TP Rate   FP Rate   Precision   Recall  F-Measure   ROC Area  Class
                 0.974     0.085      0.776     0.974     0.864      0.985    van
                 0.915     0.026      0.992     0.915     0.952      0.985    remainder
Weighted Avg.    0.929     0.039      0.942     0.929     0.932      0.985


elite_count=1
mutation_rate=0.5
selection_strategy=RouletteWheelSelection
dataset_path=in/08_vehicle_van_remainder_binary.arff
fitness_metric=BAccMetric
crossover_points=1
selection_param=0.8
num_folds=5
population_count=25
number_of_generations=50
beta=0.5
cost_classifier=weka.classifiers.meta.CostSensitiveClassifier
use_reweight=false
base_classifier=weka.classifiers.trees.J48

	Fitness	SDev	Mean	TrueP	FalseP	TrueN	FMeas	Precision
0	0.945	0.077	0.902	0.938	0.048	0.952	0.896	0.857
1	0.945	0.015	0.922	0.938	0.048	0.952	0.896	0.857
2	0.945	0.022	0.918	0.938	0.048	0.952	0.896	0.857
3	0.945	0.022	0.916	0.938	0.048	0.952	0.896	0.857
4	0.946	0.028	0.912	0.956	0.064	0.936	0.884	0.823
5	0.946	0.021	0.917	0.956	0.064	0.936	0.884	0.823
6	0.946	0.021	0.917	0.956	0.064	0.936	0.884	0.823
7	0.946	0.015	0.922	0.956	0.064	0.936	0.884	0.823
8	0.946	0.01	0.925	0.956	0.064	0.936	0.884	0.823
9	0.946	0.007	0.93	0.956	0.064	0.936	0.884	0.823
10	0.946	0.006	0.926	0.956	0.064	0.936	0.884	0.823
11	0.946	0.005	0.928	0.956	0.064	0.936	0.884	0.823
12	0.946	0.006	0.927	0.956	0.064	0.936	0.884	0.823
13	0.946	0.006	0.928	0.956	0.064	0.936	0.884	0.823
14	0.946	0.006	0.929	0.956	0.064	0.936	0.884	0.823
15	0.946	0.007	0.93	0.956	0.064	0.936	0.884	0.823
16	0.946	0.007	0.929	0.956	0.064	0.936	0.884	0.823
17	0.946	0.006	0.928	0.956	0.064	0.936	0.884	0.823
18	0.946	0.006	0.93	0.956	0.064	0.936	0.884	0.823
19	0.946	0.007	0.928	0.956	0.064	0.936	0.884	0.823
20	0.946	0.008	0.928	0.956	0.064	0.936	0.884	0.823
21	0.946	0.007	0.93	0.956	0.064	0.936	0.884	0.823
22	0.946	0.008	0.929	0.956	0.064	0.936	0.884	0.823
23	0.946	0.006	0.928	0.956	0.064	0.936	0.884	0.823
24	0.946	0.007	0.927	0.956	0.064	0.936	0.884	0.823
25	0.946	0.006	0.926	0.956	0.064	0.936	0.884	0.823
26	0.946	0.007	0.928	0.956	0.064	0.936	0.884	0.823
27	0.946	0.007	0.931	0.956	0.064	0.936	0.884	0.823
28	0.946	0.008	0.929	0.956	0.064	0.936	0.884	0.823
29	0.946	0.007	0.931	0.956	0.064	0.936	0.884	0.823
30	0.946	0.007	0.929	0.956	0.064	0.936	0.884	0.823
31	0.946	0.006	0.929	0.956	0.064	0.936	0.884	0.823
